human	alligator	turtle	ostrich	tinamou	chicken	duck	turkey	mesite	sandgrouse	pigeon	grebe	flamingo	swift	hummingbird	nightjar	cuckoo	bustard	turaco	plover	crane	hoatzin	pelican	egret	ibis	cormorant	fulmar	adelie_penquin	emperor_penquin	loon	sunbittern	tropicbird	ground_finch	zebrafinch	crow	manakin	rifleman	kea	budgerigar	falcon	seriema	bald_eagle	white_tailed_eagle	vulture	owl	mousebird	cuckoo_roller	trogon	hornbill	bee_eater	woodpecker	family
6	11	0	1	1	2	2	0	4	1	3	1	0	4	2	2	1	0	2	3	1	0	2	1	2	1	1	1	1	2	1	0	2	1	1	1	1	1	1	0	0	48	1	1	0	2	0	0	1	0	1	5_8S_rRNA
601	66	33	2	6	20	3	10	7	2	115	4	6	9	6	12	7	4	5	6	3	7	5	5	5	4	8	5	9	7	8	7	3	48	5	7	6	14	20	1	8	39	2	5	5	6	3	9	3	3	11	5S_rRNA
316	4	6	2	11	9	7	9	13	6	20	10	7	5	3	12	12	6	7	8	2	12	5	7	3	7	3	4	3	12	8	10	5	6	5	5	10	21	29	2	4	2	2	2	1	10	5	12	6	3	15	7SK
7	1	1	1	1	1	1	1	1	1	1	0	1	0	1	0	1	0	1	1	1	0	0	1	1	1	1	1	0	1	1	1	0	1	1	1	1	1	1	1	1	1	1	1	1	1	1	1	1	0	1	ACA64
0	3	0	0	0	0	0	0	0	0	0	0	2	0	1	0	0	0	0	0	0	0	0	1	0	0	0	0	1	0	0	0	0	0	0	0	0	0	1	0	0	0	1	0	0	0	0	0	0	0	0	Alfamo_CPB
3	2	2	2	2	2	2	2	2	2	2	2	2	2	2	2	2	2	2	2	2	2	2	2	2	2	2	2	2	2	2	2	2	2	2	2	2	2	2	2	2	2	2	2	2	2	2	2	2	2	2	Antizyme_FSE
1	0	1	0	0	1	0	1	1	1	1	1	1	1	1	1	1	1	1	1	1	1	1	1	1	1	1	1	1	1	1	1	2	1	1	1	1	1	1	1	1	1	1	1	1	1	1	1	1	1	1	BC040587
1	1	1	1	1	1	1	1	1	1	1	1	1	1	1	1	1	1	1	1	1	1	1	1	1	1	1	1	1	1	1	1	1	1	1	1	1	1	1	1	1	1	1	1	1	1	1	1	1	1	0	CAESAR
0	22	19	21	13	0	0	0	17	0	24	16	12	13	14	16	22	25	18	20	15	22	16	14	17	14	18	17	17	17	17	15	19	0	18	22	18	17	17	17	16	23	18	18	17	17	17	15	18	18	21	CD-snoRNA
2	0	0	0	0	0	0	0	0	0	0	0	0	0	0	0	0	0	0	0	0	0	0	0	0	0	0	0	0	0	0	0	0	0	0	0	0	0	0	0	0	0	0	0	0	0	0	0	0	0	0	DLEU2_1
2	0	0	0	0	0	0	0	0	0	0	0	0	0	0	0	0	0	0	0	0	0	0	0	0	0	0	0	0	0	0	0	0	0	0	0	0	0	0	0	0	0	0	0	0	0	0	0	0	0	0	DLEU2_2
2	0	0	0	0	0	0	0	0	0	0	0	0	0	0	0	0	0	0	0	0	0	0	0	0	0	0	0	0	0	0	0	0	0	0	0	0	0	0	0	0	0	0	0	0	0	0	0	0	0	0	DLEU2_3
2	0	0	0	0	0	0	0	0	0	0	0	0	0	0	0	0	0	0	0	0	0	0	0	0	0	0	0	0	0	0	0	0	0	0	0	0	0	0	0	0	0	0	0	0	0	0	0	0	0	0	DLEU2_4
2	1	1	1	1	1	1	0	0	0	1	1	1	1	1	1	1	1	1	1	1	1	1	1	1	1	1	1	1	1	1	1	1	1	1	1	1	1	1	1	1	1	1	1	1	1	1	1	0	1	1	DLEU2_5
3	0	0	0	0	0	0	0	0	0	0	1	0	0	0	0	0	0	0	0	0	0	0	0	0	0	0	0	0	0	0	0	0	0	0	0	0	1	0	0	0	0	0	0	0	0	0	0	0	0	0	DLEU2_6
1	0	0	0	0	1	0	0	0	1	0	0	0	0	0	0	0	0	1	0	0	0	0	0	0	0	0	0	0	0	0	0	1	0	0	0	0	0	0	0	0	0	0	0	0	1	0	0	0	0	0	DLG2-AS1_2
1	1	1	1	1	1	1	1	1	1	1	1	1	1	1	1	1	1	1	1	1	1	1	1	1	1	1	1	1	1	1	1	1	1	1	2	1	1	1	1	1	1	1	1	1	1	1	1	1	2	2	EGOT
1	1	1	1	1	1	1	1	1	1	1	1	1	2	1	1	1	1	1	1	1	1	1	1	1	1	1	1	1	1	2	1	1	1	1	1	1	1	1	1	1	1	1	1	1	1	1	1	1	0	1	Evf-2_5p
6	6	6	6	6	6	6	6	6	6	6	6	6	6	6	6	6	6	6	6	6	6	6	6	6	6	6	6	6	6	6	6	6	6	6	7	6	6	6	6	6	6	6	6	7	6	6	6	6	6	6	GABA3
0	27	72	15	13	0	0	0	20	1	37	28	34	27	18	10	22	39	27	67	45	120	18	26	27	28	19	18	21	23	33	38	24	0	19	16	16	19	20	16	10	15	16	39	18	13	14	17	13	15	13	HACA-snoRNA
1	4	4	6	4	3	4	2	4	4	4	4	4	3	2	3	3	3	4	5	4	4	4	5	4	4	4	4	4	4	2	3	3	3	2	3	4	2	2	3	4	4	4	4	4	3	4	2	3	3	3	Hammerhead_HH9
1	1	1	1	1	1	1	1	1	1	1	1	1	1	1	1	2	1	1	1	1	1	1	1	1	1	1	1	1	1	2	1	1	1	1	1	1	1	1	1	1	1	1	1	1	1	1	1	1	1	1	HAR1A
67	34	57	34	33	36	35	29	31	29	43	24	15	22	30	24	33	23	31	33	21	33	19	29	26	22	22	27	32	19	18	24	34	44	33	36	29	27	29	32	21	32	19	31	19	19	33	23	22	15	37	Histone3
1	1	1	1	1	1	1	0	1	1	1	1	2	1	1	1	1	2	1	1	1	1	2	1	2	1	1	1	1	2	1	1	1	1	1	1	1	1	1	1	1	1	1	1	1	1	1	1	1	1	1	HOTAIRM1_2
1	1	1	0	1	3	1	1	1	1	1	0	1	1	1	1	1	1	1	1	0	0	0	0	0	0	1	0	0	0	1	0	1	2	1	1	1	1	1	1	0	1	0	1	0	1	1	1	1	1	1	HOTTIP_2
1	1	0	0	0	0	0	0	0	0	0	0	0	0	0	0	0	0	0	0	0	0	0	0	0	0	0	0	0	0	0	0	0	0	0	0	0	0	0	0	0	0	0	0	0	0	0	0	0	0	0	HOXA11-AS1_1
1	1	1	1	1	3	1	0	1	1	1	1	1	1	1	1	1	1	2	1	1	1	1	1	1	2	1	1	1	1	1	1	1	1	1	1	1	1	1	1	1	1	1	1	1	1	1	1	1	1	1	HOXA11-AS1_2
1	0	0	0	0	0	0	0	0	0	0	0	0	0	0	0	0	0	0	0	0	0	0	0	0	0	0	0	0	0	0	0	0	0	0	0	0	0	0	0	0	0	0	0	0	0	0	0	0	0	0	HOXA11-AS1_3
1	1	1	1	1	3	1	0	1	1	1	1	1	1	1	1	1	1	1	1	1	0	1	1	1	1	1	1	1	1	1	1	1	1	1	1	1	1	1	1	1	1	1	1	1	1	1	1	1	1	1	HOXA11-AS1_4
1	2	1	1	1	3	1	1	1	1	1	1	1	1	1	1	1	1	1	1	1	1	0	1	1	0	1	1	1	1	1	1	1	1	1	1	1	1	1	1	0	1	1	0	0	1	1	1	1	1	1	HOXA11-AS1_5
1	0	0	0	0	0	0	0	0	0	0	0	0	0	0	0	0	0	0	0	0	0	0	0	0	0	0	0	0	0	0	0	0	0	0	0	0	0	0	0	0	0	0	0	0	0	0	0	0	0	0	HOXA11-AS1_6
30	3	1	0	0	1	1	0	0	0	1	0	0	0	1	0	1	0	0	0	0	1	0	1	2	0	0	1	1	0	0	0	0	2	1	0	1	0	1	1	1	2	1	0	0	0	0	0	0	0	1	IRE_I
7	1	3	2	3	5	4	2	3	3	3	3	4	3	3	4	2	2	3	2	3	2	2	2	2	4	3	2	2	2	2	2	4	7	4	6	3	2	3	3	2	3	3	4	2	3	3	2	2	4	2	IRE_II
1	0	0	0	0	1	0	0	2	1	1	0	0	0	1	1	0	0	1	0	1	0	0	0	1	0	1	1	1	1	0	1	0	0	0	0	0	0	1	1	1	1	1	1	2	0	0	0	0	0	0	IRES_APC
3	1	1	1	1	1	1	1	1	1	1	1	1	1	1	1	1	1	1	1	1	1	1	1	1	1	1	1	1	1	1	1	1	1	1	1	1	1	1	1	1	1	1	1	1	1	1	1	1	1	1	IRES_Cx43
26	19	17	17	18	16	18	17	18	16	19	18	16	18	20	18	18	16	16	18	18	16	19	18	18	17	19	16	18	18	19	17	17	12	17	16	18	17	18	19	19	17	18	18	15	18	19	16	20	16	16	K_chan_RES
14	20	13	11	11	11	11	12	11	11	11	11	11	11	11	13	12	13	11	11	11	11	11	11	11	13	11	11	12	11	11	11	12	11	11	12	11	11	11	11	11	12	11	11	11	11	11	11	12	12	12	let-7
2	2	2	0	0	0	0	1	0	0	0	0	0	0	1	0	0	0	0	0	0	0	0	0	0	0	0	0	0	0	0	0	1	0	1	0	1	0	0	1	0	1	0	0	0	0	0	0	0	0	0	mascRNA-menRNA
3	1	1	1	1	0	1	0	0	0	0	0	0	0	0	0	0	0	0	0	0	0	0	0	0	0	0	0	0	0	0	1	1	0	1	1	1	1	1	1	1	1	0	0	0	0	0	0	0	0	0	MAT2A_A
4	0	1	1	0	0	0	0	0	0	0	0	0	0	0	0	1	0	1	1	0	0	0	2	0	0	0	0	0	0	0	0	0	0	0	0	0	0	0	1	0	1	0	0	0	0	0	0	0	0	0	MAT2A_F
941	10	16	3	2	4	5	3	4	1	3	2	4	2	2	3	3	3	3	4	1	2	4	5	4	2	2	5	4	2	1	2	2	0	3	3	1	5	3	3	2	4	2	0	2	3	3	1	1	2	2	Metazoa_SRP
4	4	3	2	4	3	3	3	3	2	3	4	2	2	3	4	3	4	2	3	2	2	2	3	3	2	3	2	3	2	3	2	3	2	2	3	2	2	3	3	2	3	2	3	2	3	3	2	2	3	3	mir-1
3	7	5	3	3	2	3	3	3	3	3	2	4	4	3	2	2	2	3	4	3	2	3	2	5	3	3	3	3	3	4	5	3	2	4	3	1	2	2	3	3	3	3	5	5	2	3	2	3	3	3	mir-7
3	5	4	4	4	4	4	3	4	3	3	3	3	3	5	3	3	3	4	4	3	3	2	3	3	3	4	3	3	2	4	4	4	2	4	3	4	4	3	4	3	5	3	3	4	3	4	3	4	4	4	mir-9
5	4	3	3	3	2	3	1	2	3	3	2	2	5	3	2	3	3	4	3	3	2	4	2	5	3	3	3	3	2	2	3	3	2	2	4	3	2	3	3	3	3	3	2	2	4	3	4	2	3	3	mir-10
2	4	3	3	3	3	3	2	3	3	3	3	3	4	3	3	3	3	3	3	3	3	3	3	3	3	3	3	3	3	3	3	3	3	4	3	3	3	2	3	3	3	3	3	3	3	3	3	3	3	3	mir-15
3	3	3	3	3	3	3	2	3	3	3	2	3	3	3	3	3	3	3	2	3	3	3	3	3	3	3	3	3	3	3	3	3	3	3	3	3	3	2	3	3	3	2	3	2	3	3	3	3	3	3	mir-16
5	2	2	1	1	1	1	1	1	1	1	1	1	1	1	1	1	1	1	1	1	1	1	1	1	1	1	1	1	1	1	1	1	1	1	1	1	1	1	1	1	1	1	1	1	1	1	1	1	1	1	mir-17
0	2	2	2	2	2	2	2	2	2	2	2	2	2	2	2	2	2	2	2	2	2	2	2	2	2	2	2	2	2	2	2	2	2	2	2	2	2	2	2	2	2	2	2	2	2	2	2	2	2	2	mir-18
3	4	3	3	3	3	3	3	4	3	3	3	3	3	3	3	3	3	3	3	3	3	3	3	3	3	3	4	3	3	3	3	3	3	3	3	4	3	4	3	3	3	3	3	3	3	3	3	3	3	3	mir-19
0	2	2	2	2	2	2	2	2	2	2	2	2	2	2	2	2	2	2	2	2	2	2	2	2	2	2	2	2	2	2	2	2	2	2	2	2	2	2	2	2	2	2	2	2	2	2	2	2	2	2	mir-20
1	1	1	1	1	1	1	1	1	1	1	1	1	1	1	1	1	1	1	1	1	1	1	1	1	1	1	1	1	1	1	1	1	1	1	1	1	1	1	1	1	1	1	1	1	1	1	1	1	1	1	mir-21
1	1	1	1	1	1	1	1	0	1	1	1	1	1	1	1	1	1	1	1	0	0	1	1	1	0	1	1	1	0	1	1	1	0	1	1	1	1	1	1	1	2	1	1	1	1	1	1	1	1	1	mir-22
2	2	2	3	2	1	1	1	1	1	1	1	1	1	1	1	2	1	1	2	1	1	1	1	1	1	1	1	1	1	1	1	1	1	1	1	2	2	1	1	1	1	1	2	1	1	1	1	1	1	1	mir-23
2	4	1	0	1	1	1	1	0	0	0	1	0	0	0	0	0	0	0	1	1	1	0	0	1	0	1	0	1	1	0	2	0	1	0	1	0	1	1	0	1	2	1	1	0	1	1	1	1	0	1	mir-24
3	3	3	3	2	2	1	2	2	1	2	1	1	3	2	2	2	1	2	1	1	1	1	1	2	1	1	1	2	1	1	1	2	3	2	3	2	2	3	2	1	5	1	1	1	1	1	1	2	2	2	mir-26
2	2	2	2	1	1	1	1	1	1	1	1	1	1	1	1	1	1	1	2	1	1	1	1	2	1	1	1	1	1	1	1	1	1	1	1	1	1	1	1	1	1	1	2	1	1	1	1	1	1	1	mir-27
4	3	2	2	2	2	2	2	2	2	2	2	2	2	2	2	2	2	2	2	3	2	2	2	2	2	2	2	2	2	2	2	2	2	2	2	2	2	2	2	2	2	2	2	2	2	2	2	2	2	2	mir-29
6	6	7	6	6	6	6	5	6	6	5	6	6	6	6	7	6	6	7	6	6	6	6	6	6	6	6	6	7	6	6	6	6	5	6	6	6	5	5	6	6	6	6	6	6	6	6	6	6	6	6	mir-30
1	1	1	1	1	1	1	0	1	1	1	1	1	1	1	1	1	1	1	1	1	1	1	1	1	1	1	1	1	1	1	1	1	1	1	1	1	1	1	1	1	1	1	1	1	1	1	1	1	1	1	mir-31
1	1	1	1	1	1	1	1	1	1	1	1	1	1	1	1	1	1	1	1	1	1	1	1	1	1	1	1	1	1	1	1	2	1	1	1	1	1	1	1	1	1	1	1	1	1	1	1	1	1	1	mir-32
2	6	2	1	1	2	1	2	2	1	2	1	1	1	2	2	2	1	1	1	1	1	1	1	2	2	1	1	1	1	1	1	2	1	2	2	1	1	1	2	1	3	1	1	1	1	1	1	1	1	2	mir-33
3	4	4	4	3	3	3	3	3	3	3	4	3	3	3	3	3	3	3	3	3	3	3	3	4	3	3	3	3	3	3	3	4	5	3	3	3	3	4	3	3	3	3	3	3	3	3	3	3	3	5	mir-34
2	2	3	2	2	2	3	3	2	2	2	2	2	2	2	2	2	2	2	2	2	2	2	2	3	2	2	2	2	2	2	2	2	2	2	3	2	2	2	2	2	2	2	2	2	2	2	2	2	2	2	mir-92
1	2	1	1	1	1	2	1	1	1	1	1	1	1	1	1	1	1	1	1	1	1	1	1	1	0	1	1	1	1	1	2	1	0	1	0	1	1	1	1	1	1	0	1	0	1	1	0	0	0	1	mir-96
0	1	2	1	1	1	1	1	1	1	1	1	1	1	1	1	1	1	1	1	1	1	1	1	1	1	1	1	1	1	1	1	1	2	1	1	1	1	1	1	1	1	1	1	1	1	1	1	1	1	1	mir-99
0	2	1	1	1	1	1	1	1	1	1	1	1	1	1	1	1	1	1	1	1	1	1	1	1	1	1	1	1	1	1	1	1	2	1	1	1	1	1	1	1	1	1	1	1	1	1	1	1	1	1	mir-100
2	2	2	3	2	2	2	1	2	2	2	2	2	2	2	2	3	2	2	2	2	2	2	2	2	2	2	2	2	2	2	2	2	2	2	2	2	2	2	2	2	2	2	3	2	2	2	2	2	1	2	mir-101
3	2	2	2	2	2	2	2	2	2	2	2	2	2	3	2	2	2	2	2	2	2	3	2	2	2	2	2	2	2	2	2	3	3	2	2	2	2	2	2	2	2	2	2	2	2	2	2	2	2	2	mir-103
0	2	1	1	1	1	1	1	1	1	1	1	1	1	1	1	1	1	1	1	1	1	1	1	1	1	1	1	1	1	1	1	1	1	1	1	1	1	1	1	1	1	1	1	1	1	1	1	1	1	1	mir-106
0	1	1	1	1	1	1	1	1	1	1	1	1	1	1	1	1	1	1	1	1	1	1	1	1	1	1	1	1	1	1	1	1	1	1	1	1	1	1	1	1	1	1	1	1	1	1	1	1	1	1	mir-107
1	5	0	0	0	2	0	2	1	1	1	1	1	0	0	0	1	0	0	0	0	0	1	0	0	0	0	0	0	0	1	0	1	1	1	1	2	1	1	1	1	0	0	1	0	0	1	1	1	1	0	mir-122
3	2	4	2	2	3	1	1	1	1	3	0	0	1	3	3	2	1	2	2	0	1	0	3	5	0	1	2	1	1	1	1	3	3	2	2	1	1	1	3	1	4	1	1	1	1	3	1	1	0	2	mir-124
0	2	2	1	1	1	1	1	1	1	1	1	1	1	1	1	1	1	1	1	1	1	1	2	1	1	1	1	1	1	1	1	1	1	1	1	1	1	1	1	1	1	1	1	1	1	1	1	1	1	1	mir-125
1	1	1	0	2	1	1	1	1	1	1	1	1	1	1	1	1	1	1	1	1	1	1	1	1	1	1	1	1	1	1	1	1	1	1	1	1	1	0	1	1	1	1	1	1	1	1	1	1	1	1	mir-126
2	3	2	2	2	2	2	2	2	2	2	2	2	2	2	2	2	2	2	2	2	2	2	2	2	2	2	2	2	2	2	2	2	2	2	2	2	2	2	2	2	2	2	2	2	2	2	2	2	2	2	mir-128
2	4	2	0	2	0	1	0	1	2	1	0	0	1	1	0	1	1	0	1	1	0	0	0	1	0	0	0	0	0	0	0	1	2	1	1	1	1	2	2	0	3	0	0	0	1	0	1	2	0	1	mir-129
1	4	4	2	4	3	3	3	2	4	2	2	2	2	3	2	3	2	2	3	2	2	2	2	2	2	2	2	2	2	2	2	2	3	2	2	2	2	3	3	2	3	2	2	2	2	2	2	2	2	2	mir-130
3	3	4	2	2	3	2	2	3	2	3	3	2	3	3	2	3	3	3	3	2	2	2	4	3	2	2	3	3	2	3	2	3	2	3	4	3	2	2	3	2	3	2	3	2	3	3	3	3	3	3	mir-133
3	3	3	1	1	3	3	2	3	3	3	3	3	3	3	3	3	3	2	3	3	2	3	3	3	3	3	3	3	3	2	3	3	3	3	3	3	3	3	3	3	3	3	3	3	3	3	3	3	3	3	mir-135
1	3	3	1	1	1	1	0	1	2	2	1	1	2	2	3	1	1	1	1	1	1	2	0	1	1	2	1	2	2	2	1	1	1	1	2	1	1	1	2	1	2	1	1	1	1	2	1	1	1	1	mir-137
3	2	3	2	2	2	2	2	2	2	2	2	2	2	2	2	2	2	2	2	2	2	2	2	2	2	2	1	2	2	1	2	2	2	2	2	2	2	2	2	2	2	2	2	0	2	2	2	2	2	2	mir-138
1	1	1	0	1	0	0	1	1	1	1	0	0	2	1	0	1	0	1	0	0	0	0	0	1	0	1	0	0	0	1	0	1	1	1	1	1	1	0	1	0	1	0	1	0	1	1	1	1	0	1	mir-139
1	1	1	0	1	1	1	1	1	0	1	1	0	2	1	1	1	0	0	1	1	1	0	2	1	0	0	1	1	0	1	0	1	1	1	1	1	1	1	1	0	1	0	1	0	0	1	1	1	1	1	mir-140
1	2	2	1	1	1	1	1	1	1	1	1	1	1	1	1	1	1	1	1	1	0	1	1	1	1	1	1	1	1	0	1	1	1	1	0	1	1	1	1	1	1	1	1	1	0	1	1	1	1	1	mir-142
1	4	5	1	1	1	2	1	1	1	1	1	1	1	1	1	1	1	1	2	1	2	1	1	1	0	2	1	1	2	2	1	1	0	1	1	1	1	1	1	1	1	1	1	1	1	1	1	1	1	1	mir-143
1	1	1	0	1	1	1	1	1	0	1	0	0	0	1	0	1	0	0	1	0	0	0	1	1	0	0	0	0	0	0	0	1	1	1	1	1	0	1	1	1	1	0	0	0	1	0	0	0	0	1	mir-144
1	1	1	1	1	1	1	1	1	1	1	0	1	1	1	1	1	1	1	1	2	1	0	1	1	1	1	1	1	1	1	1	0	0	1	1	1	1	1	1	1	1	0	1	1	1	1	1	1	1	1	mir-145
2	3	4	3	3	3	3	3	3	3	3	3	3	3	3	3	3	3	3	3	3	3	3	3	3	3	3	3	3	3	3	3	3	3	4	3	3	3	3	3	3	3	3	3	3	3	3	3	3	3	3	mir-146
5	1	1	1	1	1	1	1	1	1	1	1	1	1	1	1	1	1	1	1	1	1	1	1	1	1	1	1	1	1	1	1	1	1	1	1	1	1	1	1	1	1	1	1	1	1	1	1	1	1	1	mir-147
3	4	8	2	2	2	2	1	1	2	3	1	2	1	3	2	2	1	2	1	1	1	1	1	3	2	1	1	1	1	1	1	2	2	3	2	1	2	2	3	2	3	1	1	1	2	2	1	3	2	1	mir-148
1	4	4	0	0	0	0	0	0	0	0	0	0	1	0	0	0	0	0	0	0	0	0	0	0	0	0	0	0	0	0	0	1	0	0	0	0	0	0	0	0	2	0	0	0	0	0	0	0	0	0	mir-150
0	1	1	0	0	0	0	0	1	0	0	0	0	0	0	0	0	0	0	0	0	0	0	0	0	0	0	0	0	0	0	0	1	0	0	0	1	1	0	0	0	0	0	0	0	0	0	0	0	0	0	mir-152
2	2	53	1	2	1	1	1	2	3	2	2	1	2	2	2	2	2	2	2	2	1	2	2	2	1	1	2	3	1	1	2	3	2	2	2	2	1	2	2	2	2	2	2	2	2	2	2	2	2	2	mir-153
1	0	1	1	1	0	1	0	0	1	1	1	1	1	0	1	1	1	1	1	1	1	1	1	1	1	1	1	1	1	1	1	1	1	1	2	1	1	1	1	1	1	1	0	1	1	1	1	2	1	0	mir-155
0	12	55	0	0	0	0	0	0	1	0	0	0	1	0	0	1	0	0	0	0	0	0	0	0	0	0	1	0	1	0	1	0	0	0	0	0	0	0	0	0	0	0	0	1	0	0	0	0	0	0	mir-172
3	6	5	5	4	3	3	3	3	3	4	3	3	3	3	3	3	3	3	3	3	3	3	4	5	3	3	3	4	3	3	3	4	3	3	3	4	3	3	5	4	4	3	3	3	3	3	3	3	3	3	mir-181
1	1	1	0	0	1	0	1	1	0	1	0	0	0	2	1	1	0	1	1	0	0	1	0	1	0	0	0	1	0	0	0	1	0	0	0	1	1	1	1	0	1	0	0	0	1	1	0	1	0	1	mir-182
1	1	1	0	1	1	1	1	1	2	1	1	1	1	1	1	1	0	1	1	1	0	1	1	1	1	1	1	2	1	1	1	1	1	1	0	1	1	1	1	1	1	1	1	0	1	1	1	0	0	1	mir-183
1	2	1	1	2	1	1	1	1	1	1	0	0	1	1	1	1	1	1	1	0	0	1	0	1	1	1	1	1	1	1	0	1	1	1	1	1	1	1	1	1	1	1	1	1	1	1	1	1	1	1	mir-184
1	2	1	0	1	0	0	0	0	0	0	0	0	0	0	0	0	0	0	1	0	0	0	0	1	0	0	0	0	0	0	0	0	0	0	0	0	1	0	0	0	1	0	0	0	0	0	0	0	0	0	mir-185
10	24	147	7	4	6	4	4	5	3	3	3	5	2	5	5	5	5	6	4	4	5	4	5	9	4	6	6	6	6	3	5	5	4	4	5	6	4	3	6	6	9	8	8	4	4	5	4	5	5	4	mir-186
1	1	1	1	1	1	1	1	1	1	1	1	1	1	1	1	1	1	1	1	1	1	1	1	1	1	1	1	1	1	1	1	1	1	1	1	1	1	1	1	1	1	1	1	1	1	1	1	1	1	1	mir-187
2	3	3	1	1	2	2	1	1	1	1	1	1	2	2	2	3	2	2	2	2	2	1	3	2	2	3	3	2	1	2	2	2	1	2	2	2	1	1	2	2	2	2	2	1	2	2	1	2	1	1	mir-190
1	1	2	0	0	0	0	1	0	0	0	0	0	0	0	0	1	0	0	0	0	0	0	0	1	0	0	0	1	0	0	1	1	0	1	1	0	0	1	1	0	1	0	0	0	0	0	0	0	0	0	mir-191
2	2	2	1	2	1	2	1	1	1	2	1	1	1	1	1	2	1	1	1	1	1	1	1	2	2	1	1	1	1	1	1	1	2	2	1	1	1	1	1	1	2	1	1	1	1	1	1	1	1	2	mir-193
2	4	3	1	2	1	1	1	1	1	1	1	1	2	1	1	2	1	1	2	1	2	1	1	1	1	1	1	1	1	1	1	1	2	1	2	2	1	1	1	1	1	1	1	1	1	1	1	1	1	1	mir-194
3	3	4	3	3	4	3	1	2	2	3	2	1	3	3	3	3	1	3	2	2	2	2	2	3	1	2	1	3	1	2	2	3	2	3	4	3	3	3	3	2	3	2	2	2	2	3	3	3	3	3	mir-196
3	3	3	2	3	2	2	2	2	2	2	2	2	2	2	3	3	2	2	2	2	3	2	2	3	2	2	2	2	2	2	2	2	2	2	2	2	3	3	3	2	3	2	2	2	2	3	2	2	3	2	mir-199
0	2	2	2	3	2	2	2	2	2	2	2	2	2	2	2	2	2	2	2	2	2	2	2	2	2	2	2	2	2	2	2	2	2	2	2	2	2	2	2	2	2	2	2	2	2	2	2	2	2	2	mir-200
1	1	1	1	1	1	1	1	1	1	1	1	1	1	1	1	1	1	1	1	1	1	1	1	1	1	1	1	1	1	1	1	1	2	1	1	1	1	1	1	1	1	1	1	1	1	1	1	1	1	1	mir-202
1	0	1	0	1	1	1	1	0	0	1	0	0	0	0	0	0	0	0	0	0	0	0	0	1	0	0	0	0	0	0	0	0	1	0	0	0	0	1	1	0	1	0	0	0	0	0	0	0	0	1	mir-203
2	5	5	4	4	3	3	1	3	2	3	2	2	3	3	3	3	3	3	3	3	2	2	2	3	2	2	2	3	2	2	3	4	4	3	3	3	2	2	3	2	3	2	3	2	3	3	2	3	3	2	mir-204
1	2	3	2	2	2	2	2	2	2	2	2	2	2	2	2	2	2	2	2	2	2	2	2	2	2	2	2	2	2	2	2	2	3	2	1	2	2	1	2	2	2	2	2	2	2	2	2	2	2	2	mir-205
0	1	1	1	2	1	1	1	1	1	2	1	1	1	1	1	1	1	1	1	1	1	1	1	1	1	1	1	1	1	1	1	1	1	1	1	1	1	1	1	1	1	1	1	1	1	1	1	1	1	1	mir-206
1	2	3	1	0	0	0	0	0	1	0	0	0	0	0	0	0	0	0	0	0	0	1	1	0	0	0	0	0	0	0	0	0	1	0	0	0	2	0	1	0	2	0	0	0	0	0	0	0	0	0	mir-207
2	2	4	0	0	0	0	0	0	0	0	0	0	0	0	0	1	0	0	0	0	0	0	0	0	0	0	0	0	0	0	0	0	1	0	0	1	0	0	0	0	2	0	0	0	0	1	0	0	0	0	mir-208
1	4	3	0	0	1	0	0	1	0	1	0	0	1	1	0	0	0	1	1	1	0	1	0	0	0	0	1	1	0	1	1	0	0	0	0	0	0	1	1	0	1	0	1	0	0	0	0	0	0	0	mir-210
1	1	1	1	1	1	1	1	1	1	1	1	1	1	1	1	1	1	1	1	1	1	1	1	1	1	1	1	2	1	1	1	1	1	1	1	1	1	1	1	1	1	1	1	1	1	1	1	1	1	1	mir-214
0	1	1	1	1	1	1	1	1	1	1	1	1	1	1	1	1	1	1	1	1	1	1	1	1	1	1	1	1	1	1	1	1	2	1	2	1	1	1	1	1	1	1	1	1	1	1	1	1	1	1	mir-215
2	2	3	2	2	2	2	2	2	2	2	2	2	2	2	2	2	2	2	2	2	2	2	2	2	2	2	2	2	2	2	2	2	2	2	2	2	2	2	2	2	2	2	2	2	2	2	2	2	2	2	mir-216
1	5	2	1	1	1	1	1	1	1	1	1	1	1	1	1	1	1	1	1	1	1	1	1	1	1	1	2	2	1	1	1	1	1	1	1	1	1	1	1	1	2	2	1	1	1	1	1	1	1	1	mir-217
2	2	4	2	2	2	2	2	2	2	2	2	2	2	2	2	2	2	2	2	3	2	2	2	2	2	2	2	2	2	2	2	2	2	3	2	2	2	2	2	2	2	2	2	2	2	2	2	2	2	2	mir-218
2	3	2	1	1	1	1	1	0	1	1	0	0	1	1	1	1	0	0	1	0	0	0	1	1	0	0	1	1	1	0	0	1	1	1	1	0	0	1	1	0	1	0	0	0	0	1	0	1	0	1	mir-219
2	1	1	1	1	1	1	1	1	1	1	1	1	1	2	1	1	1	1	1	1	1	1	1	1	1	1	1	1	1	1	1	1	1	1	1	1	1	1	1	1	1	1	1	1	1	1	1	1	1	1	mir-221
0	2	2	1	2	2	1	2	2	1	2	2	2	1	1	2	2	2	2	2	2	2	2	2	2	1	1	2	2	2	2	2	1	2	1	1	1	2	1	2	2	2	2	2	2	2	2	1	1	1	2	mir-222
1	1	1	1	1	1	1	1	1	1	1	2	1	1	1	1	1	1	1	1	1	1	1	1	1	1	1	1	1	1	1	1	1	1	1	1	1	1	1	1	1	1	1	1	1	1	1	1	1	1	1	mir-223
0	3	2	0	0	0	1	1	1	0	9	1	1	0	0	0	1	0	0	1	1	1	0	0	1	0	1	0	1	2	0	0	0	1	0	1	0	0	1	1	0	0	0	1	0	0	0	0	0	0	2	mir-239
0	1	19	0	0	0	1	0	0	0	0	0	0	0	0	0	0	0	0	0	0	1	0	0	0	0	0	0	0	0	0	0	0	1	1	0	0	0	0	0	0	4	0	0	0	1	0	0	0	0	0	mir-253
0	4	1	0	0	0	1	0	0	0	0	0	1	0	0	1	0	0	0	0	0	0	0	0	0	0	0	0	0	0	0	0	0	0	0	0	1	0	0	1	0	5	0	0	0	0	0	0	0	0	0	mir-268
0	9	4	3	1	0	0	1	0	0	2	0	0	0	0	1	0	0	0	0	0	0	0	0	0	0	0	2	1	0	0	0	0	1	0	0	0	0	0	0	0	0	0	0	0	0	0	1	0	0	0	mir-279
0	2	2	0	0	0	0	0	1	0	0	0	0	0	0	1	1	0	0	1	0	0	1	0	0	0	0	0	1	1	0	1	0	0	0	0	0	1	1	0	0	2	0	0	0	0	0	0	0	0	1	mir-282
1	6	1	0	0	0	0	0	0	0	0	0	0	0	0	0	1	0	0	1	0	0	0	0	1	0	0	0	0	0	0	0	0	0	0	0	0	0	0	0	0	2	0	0	0	0	0	0	0	0	0	mir-296
1	9	3	0	0	0	0	0	0	0	1	0	0	0	0	0	0	0	0	0	0	0	0	0	0	0	0	0	0	0	0	0	15	0	0	1	0	0	0	0	0	0	0	0	0	1	0	0	0	0	0	mir-299
2	2	2	2	2	2	3	2	2	2	2	2	2	2	2	2	2	2	2	2	2	2	2	2	2	2	2	2	2	2	2	2	2	2	2	2	2	2	2	2	2	2	2	2	2	2	2	2	2	2	2	mir-301
4	4	9	4	6	4	5	4	4	4	4	4	4	4	4	4	4	4	4	4	4	4	4	4	4	4	4	4	5	4	4	4	5	4	4	4	4	4	4	4	4	4	4	4	4	4	4	4	4	4	4	mir-302
0	2	1	0	1	0	0	0	0	0	0	0	0	0	0	0	0	0	0	0	0	0	0	0	0	0	0	0	0	0	0	0	0	0	0	0	0	1	0	0	1	2	0	0	1	0	0	0	0	0	0	mir-315
32	20	91	2	4	11	6	6	5	2	7	2	1	3	7	1	12	3	1	2	5	1	2	3	5	1	1	2	4	4	1	3	5	6	3	2	2	0	4	2	2	8	1	2	1	2	4	2	0	1	5	mir-324
1	22	11	0	1	0	1	0	0	0	0	0	0	2	1	0	0	0	1	1	0	1	0	0	0	2	1	0	2	0	0	0	0	0	0	1	0	1	0	0	0	12	0	1	0	0	1	0	0	1	1	mir-328
1	2	2	1	0	1	2	2	1	1	2	1	1	3	2	1	3	1	2	1	1	2	1	2	2	1	1	2	2	1	1	1	2	1	2	2	2	1	2	2	2	2	1	1	1	1	2	0	1	1	2	mir-338
16	2	5	0	1	0	0	0	0	0	1	0	0	0	0	0	0	0	0	0	0	0	0	0	0	0	0	0	3	0	0	0	0	0	0	0	1	0	0	0	0	1	0	0	0	1	3	0	0	0	0	mir-340
1	1	1	1	1	1	1	1	1	1	1	1	1	1	1	1	1	1	1	1	1	1	1	1	1	1	1	1	1	1	1	1	1	1	1	1	1	1	1	1	1	1	1	1	1	1	1	1	1	1	1	mir-363
2	8	21	2	2	2	2	2	2	2	2	2	2	2	2	2	2	2	2	3	2	4	2	2	2	2	2	2	2	2	2	2	2	2	2	2	2	2	2	2	2	3	2	2	2	2	2	2	2	2	2	mir-365
1	1	1	1	1	1	2	1	1	1	1	1	1	1	1	1	1	1	1	1	1	1	1	1	1	1	1	1	1	1	1	1	1	1	1	1	1	1	1	1	1	1	1	1	1	1	1	1	1	1	1	mir-367
1	1	1	2	1	1	1	1	1	1	1	1	1	1	1	1	1	1	1	2	1	0	1	1	1	1	1	1	1	1	2	1	1	1	1	1	1	1	1	1	1	1	0	1	0	0	1	1	1	1	0	mir-375
1	1	1	1	1	1	1	1	1	1	1	1	1	1	1	1	1	1	1	1	1	2	1	1	1	1	1	1	1	1	1	1	1	1	1	1	1	1	1	1	1	1	1	0	1	1	1	1	1	1	1	mir-383
0	9	4	2	0	0	1	1	0	2	4	0	1	0	1	1	1	1	0	1	0	1	1	1	0	0	1	2	1	1	0	1	2	0	0	0	0	0	0	0	0	2	1	1	1	3	1	0	0	0	1	mir-395
0	15	9	0	0	0	1	0	0	0	0	0	0	0	0	1	0	0	0	1	0	1	0	0	0	0	1	0	0	1	0	0	0	0	0	0	0	0	0	0	0	1	1	0	0	0	0	0	0	0	0	mir-399
1	2	1	0	0	0	1	1	1	0	1	0	0	0	1	1	1	0	0	1	0	0	0	1	1	1	0	0	1	0	0	1	1	2	1	1	0	0	1	1	0	1	0	0	1	1	1	1	0	0	1	mir-425
0	1	1	1	1	1	1	1	1	1	1	1	1	1	1	1	1	1	1	1	1	1	1	1	1	1	1	1	1	1	1	1	1	0	1	1	1	1	1	1	1	1	1	1	1	1	1	1	1	1	1	mir-429
3	13	8	4	3	4	4	4	4	4	4	3	4	4	4	3	4	4	4	4	4	4	4	4	4	3	4	4	4	4	4	4	4	4	4	4	4	4	3	4	4	4	4	4	4	4	4	4	4	3	6	mir-449
3	1	1	0	0	0	0	0	0	0	0	1	0	0	0	1	0	0	0	0	0	1	0	0	0	0	0	0	0	0	0	0	0	0	0	0	0	0	0	0	0	0	0	0	0	0	0	0	0	0	0	mir-450
1	1	1	0	1	1	0	1	1	0	1	0	0	0	1	0	1	0	0	1	0	0	0	0	1	0	0	0	0	0	0	0	1	3	1	1	1	0	1	1	1	1	0	0	0	0	1	0	0	0	1	mir-451
1	1	1	1	1	1	1	1	1	1	1	1	1	1	1	1	1	1	1	1	1	1	1	1	1	1	1	1	1	1	1	1	1	1	1	1	1	1	1	1	1	1	1	1	1	1	1	1	1	1	1	mir-454
1	1	1	1	1	1	1	1	1	1	1	1	1	1	1	1	1	1	1	1	1	1	1	1	1	1	1	1	1	1	1	1	1	1	1	1	1	1	1	1	1	1	1	1	1	1	1	1	1	1	1	mir-455
0	1	1	1	1	1	1	1	2	1	1	1	1	1	1	1	1	1	1	1	1	1	1	1	1	0	1	1	1	1	1	1	2	1	1	1	1	1	1	1	1	1	1	1	1	1	1	1	1	1	1	mir-456
0	2	51	1	1	1	1	1	1	1	1	1	1	1	1	1	1	1	1	1	1	1	1	1	1	1	1	1	1	1	1	1	1	1	1	1	1	1	1	2	1	1	1	1	1	1	1	1	1	1	1	mir-458
0	2	3	2	4	2	2	2	2	2	2	2	2	2	2	2	2	2	2	2	2	2	2	2	2	2	2	2	2	2	2	2	2	2	2	2	2	2	2	2	2	3	3	2	2	2	2	2	2	2	1	mir-460
1	1	1	1	1	1	1	1	1	1	1	1	1	1	1	1	1	1	1	1	1	1	1	1	1	1	1	1	1	1	1	1	1	1	1	1	1	1	1	1	1	1	1	1	1	1	1	1	1	1	1	mir-489
1	1	1	1	1	1	1	1	1	1	1	1	1	1	1	1	1	1	1	1	1	1	1	1	1	1	1	1	1	1	1	1	1	2	1	1	1	1	1	1	1	1	1	1	1	1	1	1	1	1	1	mir-490
1	1	1	1	1	1	1	1	1	1	1	1	1	1	1	1	1	1	1	1	1	1	1	1	1	1	1	1	1	1	1	1	1	1	1	1	1	1	1	1	1	1	1	1	1	1	1	1	1	1	1	mir-499
43	0	0	0	0	0	0	0	0	0	0	0	0	0	0	0	0	1	1	0	0	0	0	1	0	0	1	0	0	0	0	0	0	0	0	0	0	1	1	0	0	1	0	1	0	0	0	0	0	0	0	mir-515
2	2	3	2	2	1	2	1	2	2	2	2	2	2	2	2	2	2	1	2	2	2	2	2	2	2	2	2	2	2	2	2	2	3	2	1	2	2	2	2	2	2	2	2	2	2	2	2	2	2	1	mir-551
2	1	1	0	0	0	0	0	0	0	0	0	0	0	0	0	0	0	0	0	0	0	0	0	1	0	0	0	0	0	0	1	0	0	0	0	0	0	0	1	0	0	0	0	0	0	0	0	0	0	0	mir-552
1	391	96	93	13	0	5	9	7	1	4	1	3	2	4	7	1	1	2	1	2	2	2	6	7	1	1	2	6	4	0	3	4	0	0	3	4	2	2	2	1	9	5	4	3	1	5	5	1	0	6	mir-574
9	13	11	1	4	0	1	2	6	2	5	0	1	1	0	3	34	3	9	2	5	3	3	6	5	3	2	2	3	4	0	5	5	3	2	2	4	2	2	2	1	6	3	2	0	0	2	1	1	0	9	mir-598
1	2	2	1	2	1	0	0	1	1	1	1	1	1	1	1	0	2	1	0	1	1	1	1	1	1	1	1	1	1	1	1	1	2	1	1	1	1	1	1	1	1	1	1	1	1	1	1	1	1	0	mir-599
1	5	1	0	0	0	0	0	0	0	0	0	0	0	0	0	0	0	1	0	0	0	0	0	0	0	0	0	0	0	0	0	0	1	0	0	0	0	0	0	0	1	0	0	0	0	0	0	0	0	0	mir-642
1	6	2	0	1	0	0	0	0	0	0	0	0	0	0	0	0	0	0	0	0	0	0	0	0	0	0	0	0	0	0	0	0	0	0	0	0	0	0	0	0	1	0	0	0	1	0	1	0	0	0	mir-651
1	12	20	3	2	0	3	1	0	0	1	3	0	0	0	1	1	0	0	0	0	2	0	1	0	1	0	0	2	0	0	0	2	0	0	0	3	1	0	0	0	1	0	0	0	1	1	0	0	0	1	mir-672
38	1	1	1	1	1	1	1	1	1	1	1	1	1	1	1	1	1	1	1	1	1	1	1	1	1	1	1	2	1	1	1	1	1	1	1	1	1	1	1	1	2	1	1	1	1	1	1	1	1	1	mir-684
0	1	2	1	1	1	1	1	1	1	1	1	1	1	1	1	1	1	1	1	1	1	1	1	1	1	1	1	1	1	1	1	1	1	1	1	1	1	1	1	3	1	1	1	1	1	1	1	1	1	1	mir-703
0	1	1	1	1	1	1	1	1	1	1	1	1	1	1	1	1	1	1	1	1	1	1	1	1	1	1	1	1	1	1	1	1	1	1	1	1	1	1	1	1	1	1	1	1	1	1	1	2	1	1	mir-719
0	1	1	0	1	0	0	0	1	1	1	1	1	0	1	0	1	1	1	1	1	0	1	1	1	1	1	1	1	1	0	0	0	0	0	1	0	1	0	1	1	1	1	1	0	0	1	1	1	0	0	mir-737
0	0	0	1	0	1	1	1	1	1	1	1	1	1	1	1	1	1	1	1	1	1	1	1	1	1	1	1	1	1	1	1	1	1	1	1	1	1	1	1	1	1	1	1	1	1	1	1	1	1	2	mir-757
0	1	1	1	1	1	1	0	1	1	1	1	1	1	1	1	1	1	1	1	1	1	1	1	1	1	1	1	1	1	1	1	1	1	1	1	1	1	1	1	1	1	1	1	1	1	1	1	1	1	1	mir-759
1	1	1	1	0	0	0	1	1	1	1	1	1	1	1	1	0	1	1	1	1	1	1	1	1	1	1	1	1	1	1	1	0	0	0	0	0	1	0	1	1	1	1	1	1	1	1	1	1	1	1	mir-802
1	10	3	1	2	1	0	2	1	1	1	1	1	1	1	1	1	1	1	1	1	1	1	1	1	1	1	1	1	1	1	1	0	3	1	1	1	1	1	1	1	1	1	1	1	2	1	1	1	1	0	mir-875
1	98	1	0	0	0	0	0	0	0	0	0	0	0	0	0	0	0	0	0	1	0	0	1	0	0	0	0	0	0	0	0	0	0	0	0	0	0	0	0	0	0	0	0	0	0	0	0	0	1	1	mir-939
1	0	3	0	0	0	0	0	0	0	1	0	0	0	0	0	0	0	0	0	1	1	0	0	0	0	0	0	0	0	0	0	0	0	0	1	1	0	0	1	1	1	0	0	0	0	0	1	0	0	0	mir-1224
0	1	2	1	1	1	1	0	1	1	1	1	1	2	1	2	2	2	1	3	2	1	2	2	3	2	2	2	2	2	1	2	1	1	1	1	1	1	1	2	1	2	2	3	1	1	2	1	2	1	1	mir-1244
0	1	1	1	1	1	1	1	1	1	1	1	1	1	1	1	2	1	1	1	1	1	1	1	1	1	1	1	1	1	1	1	1	1	1	1	1	1	1	1	1	1	1	1	1	1	1	1	1	1	1	mir-1248
1	1	1	0	1	1	0	1	1	1	1	1	1	1	1	1	1	1	1	1	1	1	1	1	1	0	1	1	1	1	1	1	1	1	1	1	1	1	1	1	1	1	0	1	1	1	1	1	1	1	1	mir-1287
1	1	1	1	1	1	1	1	1	1	1	1	1	1	2	1	1	1	1	1	1	1	1	1	1	1	1	1	1	1	1	1	1	0	1	1	1	1	1	1	1	1	1	1	1	1	1	1	1	1	1	mir-1306
0	1	1	1	1	1	1	1	1	1	1	1	1	1	1	1	1	1	1	1	1	1	1	1	1	1	1	1	1	1	1	1	2	1	1	1	1	1	1	1	1	1	1	1	1	1	1	1	1	1	1	mir-1329
0	1	1	0	0	1	1	1	1	1	1	0	1	0	1	1	1	0	1	0	1	1	0	1	1	0	0	1	1	0	1	0	1	1	1	2	1	1	0	1	1	1	1	1	0	1	1	1	1	1	1	mir-1388
0	1	1	1	1	1	1	1	1	1	1	1	1	1	2	1	1	1	1	1	1	1	1	1	1	1	1	1	1	1	1	1	1	1	1	2	1	1	1	1	1	1	1	1	1	1	1	1	1	1	1	mir-1397
0	1	3	1	1	1	1	1	1	1	1	1	1	1	1	1	1	1	1	1	1	1	1	1	1	1	1	1	1	1	1	1	1	1	1	1	1	1	1	1	1	1	1	1	1	1	1	0	1	1	1	mir-1416
0	1	1	1	1	1	1	1	1	1	1	1	1	1	1	1	1	1	1	1	1	1	1	1	1	1	1	1	1	1	1	1	1	1	1	2	1	1	1	1	1	1	1	1	1	1	1	1	2	1	1	mir-1434
0	0	0	1	1	1	1	1	1	1	1	1	1	1	1	1	1	1	1	1	1	1	1	1	1	1	1	1	1	1	1	1	1	1	1	1	1	1	1	1	1	1	1	1	1	1	1	1	1	1	1	mir-1451
0	0	0	1	0	1	0	0	0	0	1	0	1	0	0	0	0	0	0	0	1	0	1	0	1	0	0	0	0	1	0	0	0	0	0	0	0	0	0	1	1	1	1	1	0	0	0	0	0	0	0	mir-1452
0	0	0	1	0	1	1	1	1	1	1	1	1	0	1	1	1	0	1	0	1	1	1	1	1	1	1	1	1	1	1	1	0	0	0	0	0	0	0	1	1	1	1	1	0	1	1	0	0	1	0	mir-1454
0	0	0	0	0	1	1	1	0	0	0	0	0	0	0	0	0	0	0	0	0	0	0	0	0	0	0	0	0	1	0	0	0	0	0	0	1	0	0	0	1	1	1	0	0	0	1	0	1	0	0	mir-1458
0	1	1	1	1	1	1	1	1	1	1	1	1	1	1	1	1	1	1	1	1	1	1	1	1	1	1	1	1	1	1	1	1	2	1	1	1	1	1	1	1	1	1	1	1	1	1	1	1	1	1	mir-1460
0	0	0	1	1	1	1	1	1	1	1	1	1	0	0	0	1	1	1	1	1	1	1	1	1	1	1	1	1	1	1	0	0	1	1	1	1	1	0	1	1	1	1	1	0	0	1	0	1	1	1	mir-1465
0	1	1	1	1	1	1	1	1	1	1	1	1	1	1	1	1	1	1	1	1	1	1	1	1	1	1	1	1	1	1	1	1	2	1	1	1	1	1	1	1	1	1	1	1	1	1	1	1	1	1	mir-1550
0	0	0	1	0	1	1	1	1	1	1	1	1	1	1	1	0	1	1	1	1	1	1	1	1	1	1	1	1	1	1	0	0	0	1	1	1	1	1	1	1	1	1	1	1	1	1	0	1	1	1	mir-1551
0	0	1	1	0	0	1	1	1	1	1	1	1	1	1	1	1	1	1	1	1	1	1	1	1	1	1	1	1	1	1	1	1	1	1	1	1	1	1	1	1	1	1	1	1	1	1	1	1	1	2	mir-1552
0	0	0	1	0	1	0	1	0	1	1	1	1	1	0	0	0	1	0	0	0	1	1	1	1	0	1	1	1	1	1	1	0	0	0	0	1	1	1	0	0	0	0	0	0	0	0	0	0	0	0	mir-1555
0	0	0	1	2	1	1	1	0	0	1	1	1	0	1	1	1	1	1	1	1	1	1	1	1	1	1	1	1	1	0	1	1	1	1	1	1	1	1	0	1	1	1	1	1	1	1	1	1	1	1	mir-1563
0	0	0	0	0	1	0	1	0	1	0	0	1	0	0	1	1	0	0	0	1	0	1	0	0	1	1	1	1	1	0	0	0	0	0	0	0	0	0	0	0	1	1	1	1	0	1	0	0	1	0	mir-1570
0	1	0	1	0	1	1	1	1	1	0	1	1	1	1	0	1	1	0	1	1	1	1	1	1	1	1	1	1	0	1	1	0	1	1	1	0	1	1	1	1	1	1	1	1	1	1	0	1	1	0	mir-1572
0	0	0	1	1	1	0	1	0	0	1	1	1	0	0	0	0	1	1	1	1	1	1	1	1	0	0	1	1	1	1	1	1	2	1	1	1	0	1	0	0	1	1	1	1	0	1	0	1	1	1	mir-1574
0	0	0	0	0	1	1	1	1	0	0	0	1	0	0	1	0	1	1	1	0	0	1	0	1	0	1	0	0	0	1	1	0	0	0	0	0	1	0	1	0	1	1	1	1	0	1	0	1	0	0	mir-1590
0	0	0	1	0	1	1	1	1	1	1	1	1	0	0	1	1	1	1	1	1	1	1	1	1	1	1	1	2	1	1	1	1	1	1	1	1	1	1	1	1	1	1	1	1	1	1	1	1	1	1	mir-1596
0	1	1	1	1	1	1	1	1	1	1	1	1	1	1	1	1	1	1	1	1	1	1	1	1	1	1	1	1	1	1	1	1	1	1	2	1	1	1	1	1	1	1	1	1	1	1	1	1	1	1	mir-1597
0	0	0	0	0	1	1	1	1	1	1	0	1	0	0	0	1	0	0	1	0	0	1	1	1	1	1	1	1	1	0	1	0	0	0	1	0	0	0	0	0	1	1	1	0	0	0	1	1	0	0	mir-1609
0	0	0	1	0	1	0	1	0	0	0	1	1	0	0	1	0	1	1	0	1	1	1	0	1	1	0	1	1	1	1	1	0	0	0	0	1	1	1	0	1	1	1	0	0	0	0	0	1	1	0	mir-1617
0	0	0	1	2	1	1	2	1	1	1	1	1	0	1	1	1	1	1	1	1	1	1	1	1	1	1	1	1	1	1	1	1	1	1	2	1	1	1	1	1	1	1	1	1	1	1	1	1	1	1	mir-1620
0	0	0	1	1	1	1	1	1	1	1	1	1	1	1	1	1	1	1	1	1	1	0	1	1	1	1	1	1	1	1	1	1	0	1	1	1	1	1	1	1	1	1	1	1	1	1	1	1	1	1	mir-1622
0	0	0	1	0	1	1	1	1	1	1	1	1	1	1	1	1	1	1	1	1	0	1	1	1	1	1	1	1	1	1	1	1	1	1	1	1	0	0	1	1	1	1	1	1	1	1	1	1	1	1	mir-1626
0	0	0	1	0	1	1	1	1	1	1	1	1	1	0	1	1	1	1	1	1	1	1	1	1	1	1	1	1	1	1	1	1	0	1	1	1	1	1	1	1	1	1	1	1	1	1	1	1	1	1	mir-1630
0	0	0	1	0	1	0	1	1	0	1	1	1	1	1	1	1	1	1	0	0	1	1	1	1	1	1	1	1	1	0	0	1	0	0	1	1	1	1	1	0	1	0	1	0	0	1	0	0	1	0	mir-1640
0	0	0	0	0	1	1	1	1	1	1	1	1	1	1	1	1	1	1	1	1	1	1	1	1	1	1	1	1	1	1	1	1	1	1	1	1	1	1	1	1	1	1	1	1	0	1	0	1	1	1	mir-1650
0	0	0	0	0	1	0	1	0	0	0	1	1	1	1	0	0	1	0	1	1	0	1	0	1	1	1	1	1	1	0	1	0	0	0	0	0	0	0	1	0	1	1	1	0	0	0	0	0	0	0	mir-1651
0	0	0	1	1	1	1	1	1	1	1	1	1	1	0	1	1	1	1	1	1	1	1	1	1	1	1	1	1	1	1	1	0	0	0	1	1	1	1	1	1	1	1	1	1	1	1	1	1	1	1	mir-1655
0	0	0	1	0	1	1	1	1	1	0	1	1	1	1	1	0	1	0	1	1	1	1	1	1	1	1	1	1	1	0	1	1	0	1	1	1	1	0	0	1	1	1	1	1	0	1	0	0	0	1	mir-1661
0	1	1	1	1	1	1	1	1	1	1	1	1	1	1	1	1	1	1	1	1	1	1	1	1	1	1	1	1	1	1	1	1	1	1	1	1	1	1	1	1	1	1	1	1	1	1	1	1	1	1	mir-1662
0	0	0	0	0	1	1	1	1	1	1	0	0	0	1	0	0	1	1	0	0	0	1	0	0	1	0	1	1	0	0	0	0	0	0	0	1	0	0	0	1	0	0	0	1	0	1	0	0	0	0	mir-1664
0	0	0	1	0	1	1	1	0	1	0	1	1	0	0	1	0	1	1	1	0	1	0	0	1	1	1	1	1	0	0	1	0	0	0	0	0	0	0	1	1	0	0	1	1	0	0	0	1	0	0	mir-1665
0	0	0	0	0	1	1	1	1	1	1	1	1	1	1	1	1	1	1	1	1	0	1	1	1	1	1	1	1	1	1	1	2	2	1	2	2	1	1	1	1	1	1	0	1	1	1	1	1	1	1	mir-1676
0	0	0	0	0	1	1	1	1	1	1	1	1	0	0	1	1	0	1	1	1	1	1	1	1	1	1	1	1	1	0	1	1	2	1	2	1	0	0	1	1	1	1	1	1	0	1	1	1	1	1	mir-1679
0	0	0	0	0	1	1	1	1	1	1	1	1	1	0	1	1	1	1	1	1	0	1	1	1	0	1	1	1	1	1	1	1	1	1	1	1	1	1	1	1	1	1	1	1	1	1	1	1	1	0	mir-1683
0	0	0	0	0	1	1	1	1	1	1	1	1	1	0	1	1	1	1	1	1	1	1	1	1	0	1	0	0	1	1	1	1	0	0	1	1	0	1	1	1	0	0	1	1	1	1	1	1	1	0	mir-1687
0	0	0	0	0	1	0	1	0	0	0	0	0	0	0	0	1	1	0	0	1	0	0	0	0	0	1	1	1	0	0	0	0	0	0	1	0	1	0	0	0	1	1	0	0	0	0	0	1	1	0	mir-1692
0	0	0	0	0	2	0	1	0	0	0	0	0	0	0	0	1	1	0	0	0	0	1	0	1	0	0	0	1	0	0	0	0	1	0	0	0	0	0	0	1	0	0	0	0	0	0	0	0	0	0	mir-1698
0	0	0	1	0	1	1	0	1	1	1	1	1	1	1	1	1	1	1	1	1	1	1	1	1	1	1	1	1	1	1	1	1	0	1	0	1	1	1	1	1	1	1	1	1	1	0	1	0	1	1	mir-1700
0	0	0	1	0	1	0	1	1	1	1	1	1	1	0	1	1	1	1	1	1	1	1	1	1	1	1	1	1	1	0	1	1	2	1	1	1	1	3	1	1	1	1	1	1	1	1	1	1	1	1	mir-1703
0	1	0	1	1	1	1	1	1	1	1	1	1	1	1	1	1	1	1	1	1	1	1	1	1	1	1	1	1	1	1	1	1	1	1	1	1	1	1	1	1	1	1	1	1	1	1	1	1	1	1	mir-1705
0	0	0	1	1	1	1	1	1	1	1	1	1	1	1	1	1	1	1	1	1	1	1	1	1	1	1	2	2	1	1	1	1	1	1	1	1	1	1	1	1	1	1	1	1	1	1	1	1	1	1	mir-1707
0	0	0	0	0	1	0	1	1	1	0	1	1	0	0	0	0	1	0	0	1	1	0	1	1	1	1	0	0	0	0	0	1	1	1	0	1	1	0	1	0	1	1	1	0	1	0	0	0	1	0	mir-1708
0	0	0	1	2	1	1	1	0	1	1	0	1	0	0	1	0	1	1	1	1	1	1	1	1	1	1	1	1	1	1	1	0	0	1	2	1	0	0	1	1	1	1	1	1	0	1	1	1	1	0	mir-1709
0	0	0	0	0	1	1	1	1	1	1	1	1	2	1	1	1	1	1	1	1	1	1	1	2	1	1	1	1	1	1	1	0	0	1	1	1	0	1	1	0	1	1	1	1	1	1	1	1	0	0	mir-1713
0	0	0	0	0	1	1	2	1	1	0	0	0	2	1	1	1	1	1	1	1	1	1	0	1	1	1	1	1	1	0	1	0	0	0	0	0	1	0	1	1	1	1	1	1	0	1	1	0	0	0	mir-1715
0	0	0	1	0	1	1	1	1	1	0	1	1	0	0	1	0	0	0	2	1	0	1	0	1	1	1	1	1	1	0	0	0	0	0	0	0	1	0	0	0	1	0	0	1	0	1	1	1	1	1	mir-1717
0	0	0	0	0	1	0	1	0	0	1	1	1	0	1	0	0	0	1	1	0	0	0	0	1	0	1	0	0	1	1	1	0	0	1	1	0	0	0	0	0	1	1	0	0	0	0	1	0	1	1	mir-1720
0	1	1	1	0	1	0	1	1	1	1	1	1	0	0	1	1	1	0	1	1	1	1	1	1	0	1	1	1	1	1	1	1	1	1	1	1	1	1	1	1	1	1	1	1	1	1	1	1	1	1	mir-1722
0	0	0	1	0	1	1	1	1	1	1	0	1	0	0	1	1	1	1	1	1	1	1	1	1	1	1	1	1	1	1	1	2	0	1	1	1	1	0	1	0	1	1	1	0	1	1	0	0	0	0	mir-1723
0	0	0	1	1	1	1	1	1	1	1	1	1	1	0	1	1	1	1	1	1	1	1	1	1	1	0	1	1	1	1	1	0	0	1	0	1	1	2	1	1	1	1	1	1	0	1	1	1	1	0	mir-1727
0	0	0	1	0	1	0	1	1	1	1	1	1	1	0	1	1	1	1	1	1	1	1	1	1	1	1	1	1	1	0	1	1	1	1	1	1	1	1	1	1	1	1	0	1	1	1	1	1	1	1	mir-1728
0	0	0	1	1	1	1	1	1	1	1	1	1	1	1	1	1	1	1	1	1	1	1	1	1	1	1	1	1	1	1	1	1	1	1	1	1	1	1	1	1	1	1	1	1	1	1	1	1	1	1	mir-1729
0	0	0	1	1	1	1	1	1	1	1	1	1	1	0	1	1	1	1	1	1	1	1	1	1	1	1	1	1	1	1	1	1	1	1	1	1	1	1	1	1	1	1	1	1	1	1	1	1	1	1	mir-1731
0	0	0	0	0	1	0	1	0	0	0	0	0	1	0	1	0	0	0	1	1	1	0	0	1	0	0	0	0	1	1	1	0	0	0	0	0	0	1	0	1	1	1	1	0	0	1	1	0	0	0	mir-1735
0	0	0	1	0	1	1	1	1	1	1	1	1	1	1	1	1	1	1	1	1	1	1	1	1	1	1	1	2	1	1	1	1	1	1	1	1	0	0	1	1	1	1	1	1	1	1	1	1	1	1	mir-1740
0	0	0	0	0	1	1	1	1	1	0	1	1	1	0	0	0	1	1	0	1	0	1	1	1	1	1	1	1	1	1	1	0	0	0	0	0	0	0	1	1	1	1	1	1	0	1	0	0	1	0	mir-1741
0	1	1	1	1	1	1	1	1	1	1	1	1	1	1	1	1	1	1	1	1	0	1	1	1	1	1	0	0	1	0	0	1	1	1	1	1	1	1	1	1	1	1	1	1	1	1	1	1	1	1	mir-1744
0	0	0	0	0	1	1	1	0	1	0	0	1	0	0	1	0	1	0	0	1	1	0	0	1	0	0	1	1	1	1	1	0	0	0	0	0	1	0	0	1	0	0	0	0	0	1	0	0	0	0	mir-1750
0	0	0	0	0	1	1	1	1	1	0	1	1	1	1	1	1	0	1	1	1	1	1	1	1	1	1	1	1	1	1	0	1	2	1	1	0	0	1	1	1	1	1	1	1	0	1	1	1	0	1	mir-1755
0	0	0	1	1	1	1	1	1	1	1	1	1	1	1	1	1	1	1	1	1	1	1	1	1	1	0	1	1	1	1	1	1	1	1	1	1	1	1	1	1	1	1	1	1	0	1	1	1	1	1	mir-1759
0	0	0	0	0	1	1	1	0	1	1	1	1	0	0	1	0	1	1	1	0	1	1	1	1	1	1	1	1	1	1	1	0	0	0	0	0	1	1	1	1	1	1	1	1	0	1	1	1	1	1	mir-1764
0	0	0	1	1	1	1	1	1	1	1	1	1	1	1	1	1	1	1	1	1	1	1	1	1	1	1	1	1	1	1	1	1	1	1	1	1	1	1	1	1	1	1	1	1	1	1	1	1	1	0	mir-1766
0	0	0	1	1	1	1	1	0	1	1	1	1	1	0	1	1	1	1	0	1	1	1	1	1	1	1	1	1	1	1	1	1	1	1	1	1	1	1	1	0	1	1	1	1	0	1	1	1	0	0	mir-1776
0	0	0	1	0	1	1	1	1	1	0	1	1	1	1	1	1	1	1	1	1	1	0	0	1	1	1	1	1	1	0	1	0	0	1	0	1	1	1	1	1	1	1	1	1	1	1	1	1	1	1	mir-1778
0	0	0	1	1	1	1	0	0	1	1	1	1	1	1	1	1	1	1	1	1	1	1	1	1	1	1	1	1	0	1	1	1	1	1	1	1	1	1	1	1	1	1	1	1	1	1	1	1	1	0	mir-1779
0	0	0	2	2	1	0	1	1	0	1	1	1	1	1	1	1	1	1	1	1	1	1	1	1	1	1	1	1	1	1	1	1	1	1	2	1	0	0	1	1	1	1	1	1	1	1	1	1	1	1	mir-1781
0	1	1	1	1	1	1	1	1	1	1	1	1	1	1	0	1	1	1	1	1	1	1	1	1	1	1	1	1	1	1	1	1	1	1	1	1	1	1	1	1	1	1	1	1	1	1	1	1	1	1	mir-1782
0	0	0	0	0	1	1	1	0	1	0	1	1	0	0	1	1	1	1	1	1	1	1	1	1	1	1	1	1	1	1	1	1	2	1	2	1	1	1	0	1	1	1	1	1	0	1	1	1	1	1	mir-1783
0	0	0	1	0	1	0	0	1	1	1	1	1	1	1	1	1	1	1	1	1	1	1	1	1	1	1	1	1	1	0	1	0	0	0	1	1	1	1	1	1	1	1	1	1	1	1	1	1	0	1	mir-1786
0	0	0	1	0	1	1	1	1	1	1	1	1	1	0	1	1	1	1	1	1	1	1	1	1	1	1	1	1	1	1	1	1	1	1	1	1	1	1	1	1	1	1	1	1	1	1	1	1	1	1	mir-1787
0	1	1	0	1	1	0	0	1	0	1	0	1	1	1	0	1	1	1	1	1	0	0	1	1	0	1	1	1	1	1	0	1	1	1	1	0	1	1	1	0	1	1	1	2	0	1	1	2	1	1	mir-1788
0	1	1	1	1	1	1	1	1	1	1	1	1	1	1	1	1	1	1	1	1	1	1	1	1	1	1	1	1	1	1	1	1	1	1	1	1	1	1	1	1	1	1	1	1	1	1	1	1	1	1	mir-1789
0	1	1	1	1	1	1	1	1	1	1	1	1	1	1	1	1	1	1	1	1	1	1	1	1	1	1	1	1	1	1	1	1	1	1	1	1	1	1	1	2	1	1	1	1	1	1	1	1	1	1	mir-1791
0	0	0	0	1	1	1	1	1	0	1	1	0	0	0	1	1	1	2	1	1	1	1	1	1	1	1	1	1	1	0	1	0	0	0	0	0	1	2	0	1	0	0	1	1	1	1	1	1	0	0	mir-1794
0	0	0	1	0	1	1	1	0	0	0	0	0	0	0	0	1	1	1	0	1	0	1	0	1	1	1	0	0	0	0	0	0	0	0	0	0	0	0	1	0	1	1	1	0	1	1	0	0	1	0	mir-1795
0	0	0	0	0	1	0	0	1	1	1	0	0	0	0	1	1	1	0	1	1	1	0	1	1	0	0	0	1	1	0	1	1	1	1	1	1	0	1	1	1	1	0	2	0	1	1	1	1	1	1	mir-1801
0	1193	15114	184	118	45	129	66	115	132	110	155	205	105	88	135	94	134	147	159	172	134	195	169	194	164	188	198	196	202	135	153	78	68	96	102	100	117	110	150	168	180	185	203	151	85	149	105	102	120	85	mir-1803
0	1	1	1	1	1	1	1	1	1	1	1	1	2	1	1	1	1	1	1	1	1	1	1	1	1	1	1	1	1	1	1	1	1	1	1	1	1	1	1	1	1	1	1	1	1	1	1	1	1	1	mir-1805
0	0	1	1	1	1	1	1	1	1	1	1	1	1	1	1	1	1	1	1	1	1	1	1	1	1	1	1	1	1	1	1	1	1	1	1	1	1	1	1	1	1	1	1	1	1	1	1	1	1	1	mir-1807
0	0	0	0	0	2	1	1	1	1	1	1	0	0	0	1	1	0	2	0	2	0	2	1	2	1	1	2	1	2	1	0	0	0	0	0	1	1	1	1	2	2	2	2	1	1	2	1	0	0	0	mir-1813
0	1	1	1	0	1	1	1	1	1	1	1	1	1	1	1	1	1	1	1	1	1	1	1	1	1	1	1	1	1	1	1	1	2	1	1	1	1	1	1	1	1	1	1	1	1	1	1	1	1	1	mir-1843
0	1	1	1	2	2	2	1	3	1	1	1	1	2	2	1	1	1	1	2	1	1	1	1	1	1	1	1	1	1	2	2	2	1	3	1	0	1	1	1	1	1	1	2	3	1	1	1	1	2	2	mir-1898
0	1	0	1	1	0	1	0	1	1	1	1	1	1	0	1	1	1	1	1	1	1	1	1	1	1	1	1	1	1	1	1	1	0	1	1	1	1	0	1	1	1	1	1	1	1	1	0	1	1	1	mir-1902
0	4	4	3	6	2	2	2	3	1	4	2	3	4	4	3	4	4	2	4	2	3	2	2	4	1	2	4	4	2	2	2	4	1	5	2	2	3	4	4	2	4	2	2	1	2	2	0	3	2	4	mir-1905
0	0	0	1	0	1	1	1	1	1	1	1	1	1	1	1	1	1	1	1	1	1	1	1	1	1	1	1	1	1	1	1	1	1	1	2	1	1	1	1	1	1	1	1	1	1	1	1	1	1	0	mir-2131
0	1	1	1	1	1	1	1	1	1	1	1	1	1	1	1	1	1	1	1	1	1	1	1	1	1	1	1	1	1	1	1	1	0	1	1	1	1	1	1	1	1	1	1	1	1	1	1	1	1	1	mir-2188
0	1	3	1	2	1	1	1	2	2	1	2	2	2	1	2	1	2	2	2	2	2	2	2	2	2	2	2	2	2	2	2	1	1	1	1	2	2	2	2	2	2	2	2	2	2	2	2	2	1	2	mir-2404
0	0	0	1	1	1	1	0	1	1	1	1	1	1	1	1	1	1	1	1	1	1	1	1	1	1	1	1	1	1	0	1	1	1	1	1	1	1	1	1	1	1	1	1	1	1	1	1	1	0	1	mir-2954
0	0	0	1	1	1	1	1	1	1	1	1	1	1	1	1	1	1	1	1	1	1	1	1	1	1	1	1	1	1	1	1	1	1	1	1	0	1	1	1	1	1	1	1	1	1	1	1	1	1	1	mir-2955
0	0	0	0	0	1	0	0	0	0	1	0	0	0	0	0	0	0	0	0	0	0	0	0	0	0	0	0	1	0	0	0	0	1	1	0	0	0	1	0	0	0	0	0	0	0	0	0	1	0	1	mir-2960
0	0	0	0	0	0	0	0	0	0	0	0	1	1	0	0	0	1	0	0	0	0	0	1	1	0	0	2	1	0	1	1	1	1	1	1	1	0	0	0	1	1	0	1	0	0	0	0	0	0	0	mir-2965
0	0	0	0	0	0	0	0	1	1	0	1	1	1	1	1	1	1	1	0	1	1	1	1	1	1	1	1	1	1	0	1	1	1	1	0	1	1	1	0	1	1	1	1	1	1	1	1	0	1	0	mir-2967
1	1	1	0	1	1	3	1	1	1	2	1	2	1	1	1	2	1	1	2	2	1	1	1	2	0	1	2	2	1	2	1	1	2	1	0	1	1	2	2	2	2	0	1	0	0	1	1	2	1	2	mir-2968
0	1	1	0	0	0	1	0	1	0	1	1	0	0	1	1	1	0	0	1	0	0	0	1	1	0	1	0	1	0	0	1	1	1	1	1	0	0	1	1	1	1	0	0	1	1	1	1	1	1	1	mir-2970
0	0	0	1	1	1	1	1	1	1	1	1	1	1	1	1	1	1	1	1	1	1	1	1	1	1	1	1	1	1	1	1	1	1	1	1	1	1	1	1	1	1	1	1	1	1	1	1	1	1	1	mir-2972
0	0	0	1	0	0	0	0	1	1	1	1	1	0	0	0	1	1	1	1	1	1	1	1	1	0	1	1	1	0	1	1	1	2	1	1	1	1	1	0	1	1	1	1	1	0	1	0	1	1	0	mir-2977
0	0	0	0	0	0	0	0	0	0	0	0	0	0	0	0	0	0	1	0	0	0	0	0	0	0	0	0	0	1	0	0	1	1	1	1	1	0	0	0	0	0	0	0	0	0	0	0	0	0	0	mir-2978
0	1	1	1	0	1	1	1	1	1	1	1	1	1	1	1	2	1	1	1	1	1	1	1	1	1	1	1	1	1	1	1	1	2	1	1	1	1	1	1	1	1	1	1	1	2	1	1	1	1	1	mir-2984
0	3	3	3	3	3	3	3	3	3	3	3	3	3	3	3	3	3	3	3	3	3	3	3	4	3	3	3	3	3	3	3	3	3	3	3	3	3	3	3	3	3	3	3	3	3	3	3	3	3	3	mir-2985
3	8	5	0	0	0	0	1	0	0	0	0	0	0	0	0	0	1	0	0	0	0	0	1	0	0	0	1	0	0	0	0	0	1	0	0	0	0	0	0	0	6	0	0	0	0	0	0	0	0	1	mir-2985-2
0	1	1	1	1	1	1	1	1	1	1	1	1	1	1	1	1	1	1	1	1	1	1	1	1	1	1	1	1	1	1	1	1	2	1	1	1	1	1	1	1	1	1	1	1	1	1	1	1	1	1	mir-2989
0	0	0	0	0	0	0	0	0	0	0	0	0	1	1	0	0	0	0	0	1	0	0	1	1	0	1	1	0	0	0	0	1	1	0	1	0	0	1	1	1	1	0	0	0	1	1	1	1	0	1	mir-2992
0	2	3	2	2	2	2	2	2	2	2	2	2	2	2	2	1	2	2	2	2	2	2	2	2	2	2	1	1	2	2	2	2	2	2	3	2	2	1	1	2	2	2	2	2	2	2	2	2	2	4	mir-2995
0	0	0	1	0	0	1	0	1	0	1	0	1	1	1	1	1	1	1	1	0	1	1	1	1	1	0	1	1	1	1	1	1	2	0	1	0	0	0	1	1	1	1	1	1	1	1	1	1	1	1	mir-2996
0	1	1	1	1	1	1	1	1	1	1	1	1	1	1	1	1	1	1	1	1	1	2	1	1	1	1	1	1	1	1	1	1	1	1	1	1	1	1	1	1	1	1	1	1	1	1	1	1	1	1	mir-3064
0	2	2	1	1	1	1	1	1	1	1	1	1	1	1	1	1	1	1	1	1	1	1	1	1	1	1	1	1	1	1	1	1	2	1	1	1	1	1	1	1	1	1	1	1	1	1	1	1	1	1	mir-3084
0	1	1	0	0	1	0	1	0	0	1	0	0	0	0	0	1	0	0	0	0	0	0	0	1	0	0	1	1	0	0	0	1	1	0	0	0	0	1	1	0	1	0	0	0	0	1	0	0	0	1	mir-3187
0	1	1	0	0	1	0	0	0	0	1	0	0	0	0	0	0	0	0	0	0	0	0	0	1	0	0	0	0	0	0	0	0	1	1	0	0	0	1	0	0	1	0	0	0	0	0	0	0	0	1	mir-3523
0	2	3	2	2	2	1	2	2	2	2	2	2	2	2	2	2	2	1	2	2	2	2	2	1	2	2	2	3	2	2	1	1	2	1	1	1	1	2	2	2	2	2	2	2	2	2	2	2	2	2	mir-3528
0	0	1	0	0	1	1	1	1	1	1	1	1	1	1	1	1	1	1	1	1	1	1	1	1	1	1	1	1	1	1	1	1	2	1	1	1	1	1	1	1	1	1	1	1	1	1	1	1	1	1	mir-3529
0	1	1	1	0	1	1	1	1	1	1	1	1	1	1	1	1	1	1	1	1	1	1	1	1	1	1	1	1	1	1	1	1	2	1	0	1	1	0	1	1	1	1	1	1	1	1	0	1	1	0	mir-3530
0	1	0	1	1	1	1	1	1	1	1	1	1	1	1	1	0	0	1	1	1	1	0	0	0	0	0	0	0	0	1	1	1	1	1	1	1	1	1	1	1	1	1	1	1	1	1	1	1	1	1	mir-3531
0	1	1	1	1	1	1	1	1	1	1	1	1	1	1	1	1	1	1	1	1	1	1	1	1	1	1	1	1	1	1	1	1	1	1	1	1	1	1	1	1	1	1	1	1	1	1	1	1	1	1	mir-3532
0	1	1	2	1	1	1	1	1	1	1	1	1	1	1	1	2	1	1	1	1	1	1	2	1	1	1	1	1	1	2	1	1	0	1	1	1	1	1	1	2	1	1	1	1	1	1	1	1	1	1	mir-3533
0	0	0	1	1	1	1	1	1	1	1	1	1	1	1	1	1	1	1	1	1	1	1	1	1	1	1	1	1	1	1	1	1	1	1	1	1	1	1	1	1	1	1	1	1	1	1	1	1	1	1	mir-3535
0	1	1	1	1	1	1	1	0	1	1	1	1	1	1	1	2	1	1	1	1	1	1	1	1	1	1	1	1	1	1	1	1	0	1	1	1	1	1	1	1	1	1	1	1	1	1	1	1	0	0	mir-3536
0	2	2	1	1	1	1	1	1	1	1	1	1	1	1	1	1	1	1	1	1	1	1	1	1	1	1	1	1	1	1	1	1	1	1	1	1	1	1	1	1	1	1	1	1	1	1	1	1	1	1	mir-3538
0	0	0	0	0	1	0	1	0	1	1	1	1	0	1	2	1	1	1	1	1	1	1	0	1	0	1	1	1	1	1	1	0	0	1	1	1	0	1	0	1	1	1	1	1	1	0	1	1	1	0	mir-3540
0	3	2	2	3	2	2	2	2	2	2	2	2	2	3	2	2	2	2	2	2	2	2	2	2	2	2	2	2	2	2	2	2	2	2	2	2	2	2	2	2	2	2	2	2	2	2	2	2	2	2	mir-3556
0	1	1	1	1	1	1	1	1	1	1	1	1	1	1	1	1	1	1	1	1	1	1	1	1	1	1	1	2	1	1	1	1	1	1	1	1	1	1	1	1	1	1	1	1	1	1	1	1	1	1	mir-3570
0	1	1	1	1	1	1	1	1	1	1	1	1	1	1	1	1	1	1	2	1	1	1	1	1	1	1	1	1	1	1	1	1	1	1	1	1	1	1	1	1	1	1	1	1	1	1	1	1	1	1	mir-3582
0	1	1	1	1	1	1	1	1	1	1	1	1	1	1	1	1	1	1	1	1	1	1	1	1	1	1	1	1	1	1	1	1	1	1	1	1	1	1	1	1	1	1	1	1	1	1	1	1	1	1	mir-3588
0	1	1	1	1	0	1	0	0	0	0	0	1	1	1	1	0	1	1	1	1	1	0	1	1	1	1	1	1	1	1	1	0	0	0	0	0	0	0	0	0	1	1	1	1	1	0	0	1	0	1	mir-3591
0	1	2	2	2	2	2	2	2	2	2	2	2	2	2	2	2	2	2	2	2	2	2	2	2	2	2	2	2	2	1	2	2	4	2	1	2	2	1	2	2	2	2	2	2	2	2	2	2	2	2	mir-3607
0	1	1	1	1	1	1	1	1	1	1	1	1	1	2	1	1	1	1	1	1	1	1	1	1	1	1	1	1	1	1	1	1	0	1	1	1	1	1	1	1	1	1	1	1	1	1	1	1	1	1	mir-3618
0	1	1	0	0	0	0	0	0	1	1	0	1	1	1	1	0	0	1	1	1	1	1	0	1	1	1	1	1	1	1	1	0	0	0	0	0	0	0	1	1	1	1	1	0	0	1	1	0	1	0	mir-3651
0	1	1	0	1	0	0	0	0	0	0	0	0	0	0	1	0	0	0	0	1	0	1	0	0	0	1	0	0	0	1	0	0	1	0	1	0	0	0	1	0	0	0	1	1	0	0	0	0	0	1	mir-3653
0	1	1	1	1	1	1	1	1	1	1	1	1	1	1	1	1	1	1	1	1	1	1	1	1	1	1	1	1	1	1	1	1	1	1	1	1	1	1	1	1	1	1	1	1	1	1	1	1	1	1	mir-3662
0	1	1	1	1	1	1	1	1	1	1	1	1	1	1	1	1	1	1	1	1	1	1	1	1	1	1	1	1	1	1	1	1	1	1	1	1	1	1	1	1	1	1	1	1	1	1	1	1	1	1	mir-3666
1	0	2	0	0	0	0	0	0	0	0	0	0	1	1	0	0	0	0	0	0	0	0	0	0	0	0	0	0	0	0	0	0	0	0	0	0	0	0	1	0	1	0	0	0	0	0	0	0	0	0	miR-430
0	1	1	0	2	1	1	1	1	1	1	1	1	1	1	1	1	1	1	1	1	1	1	1	1	0	1	0	1	1	0	1	1	0	1	1	1	1	1	1	0	1	1	0	0	1	1	1	0	1	0	mir-4468
0	1	1	1	1	1	1	0	1	1	1	1	1	1	1	1	1	1	1	1	1	1	1	1	1	1	1	1	1	1	1	1	1	1	1	1	1	1	1	1	1	1	1	1	1	1	1	1	1	1	1	mir-4677
0	2	1	0	0	1	2	0	0	1	1	0	1	0	1	0	1	1	1	0	0	1	1	1	2	0	0	0	3	0	1	1	0	2	0	2	0	0	1	2	1	1	0	0	0	1	1	0	1	0	0	mir-4683
0	0	0	1	1	1	0	1	1	1	1	1	1	1	1	1	1	1	1	1	1	1	1	1	1	1	1	1	1	1	1	1	1	1	1	1	1	1	1	1	0	1	1	1	1	1	1	1	1	1	1	mir-4732
0	1	1	1	1	1	1	1	1	1	1	1	1	1	1	1	1	1	1	1	1	1	1	1	1	1	1	1	1	1	1	1	1	1	1	1	1	1	1	1	1	1	1	1	1	1	1	1	1	1	1	mir-5047
0	1	2	1	0	0	1	0	0	0	1	0	0	1	2	0	1	0	0	2	0	0	0	0	0	0	0	1	0	1	1	1	0	0	1	1	1	1	1	0	0	18	0	0	0	0	0	0	1	0	1	mir-6087
0	1	1	1	1	1	1	1	1	1	1	2	1	1	1	1	1	1	1	1	1	1	1	1	1	1	1	1	1	1	1	1	1	1	1	1	1	1	1	1	1	1	1	1	1	1	1	1	1	1	1	mir-6340
0	0	1	1	1	1	1	1	0	1	1	1	1	1	1	1	1	1	1	1	1	1	1	1	1	1	1	1	1	1	1	1	1	1	1	2	0	1	1	1	1	1	1	1	1	0	0	1	1	1	0	mir-6506
0	1	1	1	0	1	1	1	1	1	1	1	1	1	1	1	1	1	1	1	1	0	1	1	1	1	1	1	1	1	1	1	1	1	1	1	1	1	1	1	1	1	1	1	1	1	1	1	1	1	1	mir-6516
0	1	1	1	1	1	1	1	1	1	1	1	1	1	1	1	1	1	1	1	1	1	1	1	1	1	1	1	1	1	1	1	1	1	1	1	1	1	1	1	1	1	1	1	2	1	1	1	1	1	1	mir-6542
0	0	0	1	0	1	0	1	1	1	0	1	1	1	1	1	1	1	1	0	1	1	1	1	1	1	1	1	1	1	1	1	0	0	0	0	0	0	0	1	1	1	1	1	1	1	0	0	1	0	0	mir-6545
0	0	0	1	0	1	1	1	1	1	0	1	1	1	1	1	1	1	1	1	1	1	1	1	1	1	1	1	1	1	1	1	0	0	0	0	1	1	0	1	1	1	1	1	1	0	1	0	0	1	1	mir-6549
0	0	0	1	1	1	1	1	1	1	1	1	1	1	0	0	1	1	1	1	1	1	1	1	1	1	1	1	1	1	0	1	0	0	0	1	1	1	0	1	1	1	1	1	1	0	1	0	1	0	0	mir-6550
0	1	1	1	1	1	1	1	1	1	1	1	1	1	1	1	1	1	1	1	1	1	1	1	1	1	1	1	1	1	1	1	1	1	1	1	1	1	1	1	1	1	1	1	1	1	1	1	1	1	1	mir-6554
0	1	1	1	1	1	1	1	1	1	1	1	1	1	2	1	1	1	1	1	1	1	1	1	1	1	1	1	1	1	1	1	1	1	1	1	1	1	1	1	1	1	1	1	1	1	1	1	1	1	1	mir-6558
0	0	0	1	1	1	1	1	1	1	1	1	1	0	1	1	1	1	1	0	1	1	1	1	1	1	1	1	1	1	1	1	1	1	1	1	1	1	1	1	1	1	1	1	1	1	1	1	1	0	1	mir-6559
0	0	0	1	1	1	1	1	1	1	1	1	1	1	1	1	0	1	1	1	1	1	1	1	1	1	1	1	1	1	1	1	1	1	1	1	1	1	1	1	1	1	1	2	1	1	1	1	1	1	1	mir-6565
0	0	0	1	1	1	1	1	1	1	1	1	1	1	1	1	1	1	1	1	1	1	1	2	1	1	1	1	1	1	1	1	1	1	1	1	1	1	1	1	1	1	1	1	1	1	1	1	1	1	1	mir-6570
0	0	0	1	2	1	1	1	1	1	1	1	1	1	1	1	1	1	1	1	1	1	1	1	1	1	1	1	1	1	1	1	1	1	1	1	1	1	1	1	1	1	1	1	1	1	1	1	1	1	1	mir-6571
0	0	0	0	0	1	1	1	0	1	1	1	1	1	0	1	1	1	1	1	1	1	1	1	1	1	1	1	1	1	1	1	1	1	1	1	0	1	1	1	1	1	1	1	1	1	1	1	1	1	1	mir-6572
0	0	0	1	0	1	1	0	0	1	0	0	1	1	0	0	1	0	1	1	1	1	1	1	1	1	1	1	1	1	1	1	0	0	1	0	0	1	1	1	1	1	1	1	1	1	1	0	1	1	0	mir-6573
0	0	0	1	0	1	0	1	0	0	1	0	0	0	0	1	0	0	0	0	1	0	0	0	0	0	1	0	0	0	0	0	0	0	0	0	0	0	0	0	1	1	1	1	0	0	0	0	0	0	1	mir-6574
0	1	1	1	1	1	2	1	1	1	1	1	1	1	1	1	1	1	1	1	1	1	1	1	1	1	1	1	1	1	1	1	1	1	1	1	1	1	1	1	1	1	1	1	1	1	1	1	1	1	1	mir-6578
0	1	1	1	1	1	1	1	1	1	1	1	1	1	1	1	1	1	1	1	1	1	1	1	1	1	1	1	1	1	1	1	1	1	1	1	1	1	1	1	1	1	1	1	1	1	1	1	1	1	1	mir-6580
0	0	0	0	0	1	1	1	1	1	1	1	1	1	1	1	1	1	1	1	1	1	1	1	1	1	1	1	1	1	1	1	1	0	1	1	1	1	1	1	1	1	1	0	1	1	0	0	1	0	1	mir-6581
0	1	1	1	1	1	1	1	1	1	1	1	1	1	1	1	1	1	1	1	1	1	1	1	1	1	1	1	1	1	1	1	1	1	1	1	1	1	1	1	1	1	1	1	1	1	1	1	1	1	1	mir-6584
0	1	1	1	1	1	1	1	1	1	1	1	1	1	1	1	1	1	1	1	0	1	1	1	1	1	1	1	1	1	1	1	1	1	1	1	1	1	1	1	1	1	0	1	1	1	1	1	1	1	1	mir-6587
0	0	0	1	1	1	1	0	1	1	1	1	1	1	1	1	1	1	1	1	1	1	1	1	1	1	0	1	1	0	1	0	1	1	1	0	1	1	1	1	1	1	1	2	1	1	1	1	1	1	1	mir-6604
0	0	0	1	0	1	0	1	0	1	1	1	1	1	0	1	0	1	1	1	1	0	1	1	1	1	1	1	1	1	1	1	1	0	1	1	0	1	1	1	1	1	1	1	1	1	1	1	1	0	1	mir-6610
0	0	0	1	1	1	1	1	1	1	1	1	1	1	1	1	1	1	1	1	1	1	1	1	1	1	1	1	1	1	1	1	0	1	0	1	1	1	1	1	1	1	1	1	1	1	1	1	1	1	1	mir-6611
0	0	0	0	0	1	0	1	1	1	1	1	1	1	1	1	1	1	1	1	1	1	1	1	1	1	1	1	0	1	1	1	1	0	0	1	1	0	1	1	1	1	1	1	1	1	0	1	1	1	1	mir-6616
0	1	1	1	1	1	1	1	1	1	1	1	1	1	2	1	1	1	1	1	1	1	1	1	1	1	1	1	1	1	1	1	1	1	1	1	1	1	1	1	1	1	1	1	1	1	1	1	1	1	1	mir-6623
0	1	1	1	1	1	1	1	1	1	1	1	1	1	1	1	2	1	1	1	1	1	1	1	1	1	1	1	1	1	1	1	1	1	1	1	1	1	1	1	1	1	1	1	1	1	1	1	1	1	1	mir-6626
0	0	0	1	0	1	0	0	0	0	0	1	1	0	1	0	1	1	0	0	1	0	0	1	0	1	1	1	0	0	0	1	1	0	1	0	0	0	0	0	1	1	1	0	0	0	0	1	0	1	0	mir-6628
0	0	0	1	0	1	0	1	0	0	0	1	1	0	0	1	0	0	0	1	1	0	1	1	0	1	1	1	1	1	0	1	0	0	0	0	0	1	1	1	1	1	1	1	1	0	1	0	0	0	0	mir-6629
0	0	0	1	1	1	1	1	1	1	1	1	1	1	0	1	1	1	1	1	1	1	1	2	1	1	1	1	1	1	1	1	0	0	1	0	1	0	0	0	1	1	1	1	1	0	1	1	1	1	0	mir-6632
0	0	0	0	0	1	1	1	1	1	0	1	1	0	0	1	0	1	1	1	1	0	1	0	1	1	0	1	1	1	1	1	0	0	0	0	0	0	0	0	1	1	1	1	1	0	1	0	1	0	0	mir-6635
0	3	2	3	0	2	3	1	1	0	2	1	0	0	1	1	0	0	0	3	1	0	0	3	2	0	1	1	3	1	0	0	1	2	1	0	0	0	0	1	1	2	1	1	0	2	1	0	0	0	1	mir-6637
0	0	0	1	0	1	1	1	1	1	1	1	1	1	1	1	1	1	1	1	1	1	1	1	1	1	1	1	1	1	0	1	1	1	1	1	1	1	1	1	1	1	1	1	1	1	1	1	1	1	1	mir-6647
0	0	0	1	1	1	1	1	1	1	1	1	1	1	2	1	1	1	1	1	1	1	0	0	0	0	1	1	1	1	1	1	1	1	1	1	1	1	1	1	1	1	1	1	1	1	1	1	1	1	1	mir-6659
0	0	0	1	1	1	1	1	1	1	1	1	1	1	2	1	1	1	1	1	1	1	1	1	1	1	1	1	1	1	1	1	0	0	0	1	1	1	1	1	1	1	1	1	1	1	1	1	1	1	1	mir-6665
0	0	0	0	0	1	1	1	1	1	1	1	1	1	1	1	1	1	1	1	1	1	1	1	1	1	1	1	1	1	1	1	1	1	1	1	1	1	1	1	1	1	1	1	1	1	1	1	1	1	1	mir-6673
0	1	1	1	1	1	1	1	1	1	0	0	1	1	1	1	1	1	1	1	1	1	1	2	1	0	1	1	1	1	1	1	1	1	1	2	1	1	1	1	1	1	1	1	1	1	1	1	1	1	0	mir-6681
0	1	1	1	1	1	1	1	1	1	1	1	1	1	1	1	1	1	1	1	1	1	1	1	1	1	1	1	1	1	1	1	1	1	1	1	1	1	1	1	1	1	1	1	1	1	1	1	1	1	1	mir-6682
0	0	0	1	0	1	1	1	1	1	1	1	1	1	1	1	1	1	1	1	1	1	1	1	1	1	1	1	1	1	1	1	1	1	1	1	1	1	1	1	1	1	1	1	1	1	1	1	1	1	1	mir-6683
0	0	0	1	1	1	1	1	1	1	1	1	1	1	1	1	1	1	1	1	1	1	1	1	1	1	1	1	1	1	1	1	0	1	1	1	1	1	1	1	1	1	1	1	1	1	1	0	1	1	0	mir-6692
0	0	0	1	0	1	1	1	1	1	1	1	1	1	1	1	0	1	1	1	1	1	1	1	1	1	1	1	1	1	1	1	0	0	0	0	1	1	1	1	1	1	1	1	1	1	1	1	1	1	0	mir-6693
0	1	0	1	1	1	1	1	1	1	1	1	1	1	1	1	1	1	1	1	1	1	1	1	1	1	1	0	1	1	1	1	1	2	1	1	1	1	1	1	1	1	1	1	1	1	1	1	1	1	1	mir-6694
0	1	1	0	1	1	1	1	1	1	1	1	1	1	1	1	1	1	1	1	1	1	1	1	1	1	1	2	1	1	1	1	1	1	1	1	1	1	1	2	1	1	1	1	1	1	1	1	1	1	1	mir-6698
0	0	0	1	1	1	1	1	1	1	1	1	1	1	1	1	1	1	1	1	1	1	1	1	1	1	1	1	1	1	1	1	1	1	1	1	1	1	1	1	1	1	1	1	1	1	1	1	1	1	1	mir-6701
0	1	2	1	1	1	1	1	1	1	1	1	1	1	1	1	1	1	1	1	1	1	1	1	1	1	1	1	1	1	1	1	1	1	1	1	1	1	1	1	1	1	1	1	1	1	1	1	1	1	1	mir-6705
0	0	0	0	0	1	2	1	1	1	1	1	1	1	1	1	0	1	1	2	1	1	1	1	1	1	1	1	1	1	0	1	1	1	1	1	1	1	1	1	1	1	1	1	1	1	1	1	1	0	0	mir-6710
0	0	0	0	1	1	1	1	1	1	0	1	1	0	0	0	1	1	1	1	1	0	1	1	1	1	1	0	1	1	0	1	0	0	0	1	0	1	1	1	1	1	1	1	1	1	1	1	1	1	1	mir-6714
0	4	5	0	1	0	0	0	0	0	0	0	0	0	0	0	1	2	1	0	0	0	0	0	0	0	0	0	0	0	2	0	0	0	0	0	1	0	0	0	0	0	0	0	0	0	0	0	0	1	0	MIR164
0	1	5	0	0	0	0	0	0	0	0	0	0	0	2	1	1	0	1	0	0	0	0	0	0	0	0	0	0	0	0	0	0	0	0	0	0	0	0	0	0	0	0	0	0	0	0	0	0	0	0	MIR167_1
0	0	0	0	1	0	0	0	0	0	0	1	0	0	0	0	0	0	0	1	0	1	0	0	1	0	0	1	0	0	0	0	0	0	0	0	0	0	0	0	0	0	0	0	0	0	0	0	0	0	4	MIR168
0	0	2	0	0	0	0	1	0	0	0	1	0	1	0	1	0	0	1	0	0	0	0	1	0	0	0	0	0	0	0	0	0	0	0	0	0	0	1	0	0	0	0	0	0	1	0	0	0	0	0	MIR169_2
0	6	6	0	0	0	1	0	0	0	0	0	0	0	1	0	0	1	0	0	0	0	0	1	0	0	0	0	0	0	0	0	1	0	0	0	0	0	0	0	0	2	0	1	0	1	0	0	0	0	1	MIR396
0	14	2	1	2	0	0	0	0	0	1	1	0	0	0	1	0	0	0	0	0	0	0	0	0	0	1	0	0	1	0	0	0	0	0	0	1	0	0	0	0	4	0	0	0	0	0	0	0	0	0	MIR408
0	19	9	0	1	0	0	0	0	0	0	0	2	0	1	1	0	1	2	0	0	3	1	1	0	1	0	2	4	1	1	1	2	0	0	1	0	1	0	1	1	6	3	2	0	1	0	0	2	2	0	MIR444
0	4	2	0	0	0	1	0	0	0	1	0	0	0	0	1	0	0	0	0	0	0	0	0	0	0	0	0	0	0	0	0	1	0	2	0	0	2	0	0	0	3	0	0	0	0	0	0	0	1	0	MIR477
0	22	13	0	0	0	1	0	0	2	1	1	1	3	1	0	0	0	1	0	0	0	1	1	2	1	1	1	1	1	0	0	1	0	0	0	0	0	0	1	2	16	0	0	1	1	0	1	0	0	4	MIR530
0	8	2	0	0	0	0	0	0	0	0	0	0	0	0	0	0	0	2	0	0	0	0	0	2	1	0	1	1	1	0	0	2	2	2	0	0	0	0	1	0	1	0	0	0	0	0	0	0	0	0	MIR815
0	11	8	0	0	0	0	0	0	0	0	0	0	1	0	0	0	0	0	0	0	0	0	0	0	0	0	0	1	0	0	0	0	1	0	0	0	0	0	1	0	1	0	0	0	0	0	0	0	0	0	MIR1023
0	8	3	0	0	0	0	0	0	0	0	0	0	0	1	0	0	0	0	0	0	0	0	0	0	0	1	0	2	0	0	0	1	0	0	1	0	0	0	0	0	0	0	0	0	0	1	0	0	1	4	MIR1027
0	0	21	0	0	0	1	0	0	0	0	0	0	0	0	0	0	0	1	0	0	0	0	0	0	0	0	1	0	0	0	0	0	0	0	0	0	0	0	1	0	7	0	0	1	1	0	1	0	0	0	MIR1446
0	0	2	0	0	0	1	0	0	0	0	0	0	0	0	0	1	1	0	0	0	0	0	0	0	0	1	0	0	0	0	1	0	1	0	0	0	0	0	0	0	5	0	0	0	0	0	0	0	0	0	MIR162_2
1	1	1	1	1	1	1	1	1	1	1	1	1	1	1	1	1	1	1	1	1	1	1	1	1	1	1	1	1	1	1	1	1	1	1	1	1	1	1	1	1	1	1	1	1	1	1	1	1	1	1	NAMA_2
2	1	1	1	1	1	1	1	1	1	1	1	1	1	1	1	1	1	1	1	1	1	1	1	1	1	1	1	1	1	1	1	1	1	1	1	1	1	1	1	1	1	1	1	1	1	1	1	1	1	1	NBR2
1	1	1	1	1	1	1	1	1	1	1	1	1	1	1	1	1	1	1	1	1	1	1	1	1	1	1	1	1	1	1	1	1	1	1	1	1	1	1	1	1	1	1	1	1	1	1	1	1	1	1	NRON
1	1	0	0	0	0	0	0	0	0	0	0	0	0	0	0	0	0	0	0	0	0	0	0	0	0	0	0	0	0	0	0	0	0	0	0	0	0	0	0	0	0	0	0	0	0	0	0	0	0	0	PART1_1
1	2	1	1	1	1	1	1	1	1	1	1	1	1	1	1	2	1	1	1	1	1	1	1	3	1	1	1	1	1	1	1	1	1	1	2	1	1	1	1	1	1	1	1	1	1	1	1	1	1	1	PART1_2
1	0	0	0	0	0	0	0	0	0	0	0	0	0	0	0	0	0	0	0	0	0	1	0	0	0	1	0	0	0	0	0	0	0	0	0	0	0	0	0	0	0	0	0	0	0	0	0	0	0	0	PART1_3
1	1	1	1	1	1	1	0	1	1	1	1	1	1	1	1	1	1	1	1	1	1	1	1	1	1	1	1	1	1	1	1	1	1	1	1	1	1	1	1	1	1	1	2	1	1	1	1	1	1	1	PCA3_1
1	1	1	2	1	1	1	1	1	1	1	1	1	1	1	1	1	1	1	1	1	1	1	1	1	1	1	1	1	1	1	1	1	1	1	1	1	1	1	1	1	1	1	1	1	1	1	1	1	1	1	PCA3_2
1	0	0	0	0	0	0	0	0	0	0	0	0	0	0	0	0	0	0	0	0	0	0	0	0	0	0	0	0	0	0	0	0	0	0	0	0	0	0	0	0	0	0	0	0	0	0	0	0	0	0	RMST_1
1	0	0	0	0	0	0	0	0	0	0	0	0	0	0	0	0	0	0	0	0	0	0	0	0	0	0	0	0	0	0	0	0	0	0	0	0	0	0	0	0	0	0	0	0	0	0	0	0	0	0	RMST_10
1	1	0	0	0	0	0	0	0	0	0	0	0	0	0	0	0	0	0	0	0	0	0	0	0	0	0	0	0	0	0	0	0	0	0	0	0	0	0	0	0	0	0	0	0	0	0	0	0	0	0	RMST_2
1	0	0	0	0	0	0	0	0	0	0	0	0	0	0	0	0	0	0	0	0	0	0	0	0	0	0	0	0	0	0	0	0	0	0	0	0	0	0	0	0	0	0	0	0	0	0	0	0	0	0	RMST_3
1	0	1	0	0	0	0	0	0	0	0	0	0	0	0	0	0	0	0	0	0	0	0	0	0	0	0	0	0	0	0	0	0	0	0	0	0	0	0	0	0	0	0	0	0	0	0	0	0	0	0	RMST_4
1	0	0	0	0	0	0	0	0	0	0	0	0	0	0	0	0	0	0	0	0	0	0	0	0	0	0	0	0	0	0	0	0	0	0	0	0	0	0	0	0	0	0	0	0	0	0	0	0	0	0	RMST_5
1	1	1	1	1	1	1	1	1	1	1	1	1	1	1	1	1	1	1	1	1	1	1	1	1	1	1	1	1	1	1	1	1	1	1	1	1	1	1	1	1	1	1	1	1	1	1	1	1	1	1	RMST_6
1	1	1	1	1	1	1	1	1	1	1	1	1	1	1	1	1	1	1	1	1	1	1	1	1	1	1	1	1	1	1	1	1	1	1	1	1	1	1	1	1	1	1	1	1	1	1	1	1	1	1	RMST_7
1	1	2	1	1	1	1	1	1	1	1	1	1	1	2	1	1	1	1	1	1	1	1	1	1	1	1	1	1	1	1	1	1	1	1	1	1	1	1	1	1	1	1	1	1	1	1	1	2	1	1	RMST_8
1	1	1	1	1	1	1	1	1	1	1	1	1	1	1	1	1	1	1	1	1	1	1	1	1	1	1	1	1	1	1	1	1	1	1	1	1	1	1	1	1	1	1	1	1	1	1	1	1	1	1	RMST_9
1	2	1	0	0	1	0	0	1	1	1	0	1	0	1	0	2	0	0	0	0	0	0	0	0	0	0	0	0	0	0	0	0	0	0	0	0	0	1	0	0	0	0	0	0	1	0	0	0	1	1	RNase_MRP
3	7	9	0	1	1	1	0	0	1	0	0	0	0	1	2	0	1	1	1	1	0	0	0	1	0	0	0	1	0	1	1	1	2	0	0	1	1	1	2	0	2	1	1	0	1	2	0	1	0	2	RNaseP_nuc
356	0	1	6	45	48	11	21	36	10	24	20	0	32	62	16	20	20	54	17	3	33	0	21	5	8	7	0	0	3	12	6	68	123	170	49	19	14	33	34	17	50	25	2	35	51	9	27	16	41	22	RSV_RNA
1	1	1	1	1	1	1	1	1	1	1	1	1	1	1	1	1	0	1	1	1	1	1	1	1	1	1	1	1	1	1	1	1	1	1	1	1	1	1	1	1	2	1	1	1	1	1	1	1	1	1	SCARNA1
2	1	1	1	1	1	1	1	1	1	1	1	1	1	1	1	1	1	1	1	1	1	1	1	1	1	1	1	1	1	0	1	1	1	1	1	1	1	1	1	1	1	1	1	1	1	1	1	1	1	1	SCARNA4
3	1	3	2	2	2	2	2	2	2	2	2	2	2	2	2	2	0	2	3	2	2	2	2	2	2	2	2	2	2	2	2	3	3	2	2	2	2	2	2	2	2	2	2	2	2	2	1	2	2	2	SCARNA6
1	2	1	1	1	1	1	1	1	1	1	1	1	1	1	1	1	2	1	1	1	1	1	1	1	2	1	2	2	2	1	1	1	1	1	1	1	1	1	1	1	1	1	1	1	1	1	1	3	1	2	SCARNA7
1	1	1	1	1	1	1	0	1	1	1	1	1	1	4	1	1	0	1	1	1	1	1	1	1	1	1	1	1	1	1	1	1	1	1	1	2	1	2	1	1	1	1	1	1	1	1	1	1	1	1	SCARNA8
4	1	1	1	1	1	1	1	1	1	1	1	1	1	1	1	1	0	1	1	1	1	1	1	1	1	1	1	1	1	1	1	1	1	1	1	1	1	1	1	1	1	1	2	1	1	1	1	1	1	1	SCARNA11
1	1	1	1	1	1	1	1	1	1	1	1	1	1	2	1	1	1	1	1	1	1	1	1	1	1	1	1	1	1	1	1	1	3	1	1	1	1	1	1	1	1	1	1	1	3	1	1	1	1	1	SCARNA13
1	2	2	1	1	1	2	1	1	1	1	1	1	1	1	1	1	0	1	1	1	1	1	1	1	1	1	1	1	1	1	1	1	2	1	1	1	1	1	1	1	1	1	1	1	1	1	1	1	1	1	SCARNA14
3	2	3	1	1	0	1	0	1	0	0	0	0	1	0	0	0	0	0	0	0	0	0	1	0	1	0	0	0	0	0	0	1	2	0	0	0	1	0	1	0	2	0	0	0	0	1	0	0	0	1	SCARNA15
6	0	0	1	1	0	1	0	1	0	0	0	0	0	0	1	0	0	1	1	1	0	0	1	1	0	1	1	1	1	1	0	1	1	1	1	0	0	0	1	0	1	1	1	0	0	1	0	0	0	0	SCARNA16
7	1	0	1	1	1	1	1	0	0	0	1	1	1	0	0	1	0	1	0	1	0	0	0	0	0	1	0	0	0	1	1	1	0	1	0	1	1	1	1	1	1	0	1	0	0	1	1	1	0	1	SCARNA20
1	1	1	1	1	1	1	1	1	1	1	1	1	1	1	1	1	0	1	1	1	1	1	1	1	1	1	1	1	1	1	1	1	1	1	1	1	1	1	1	1	0	1	1	1	1	1	1	1	1	2	SCARNA23
3	1	2	1	1	1	1	1	1	1	1	1	1	1	1	1	1	1	1	1	1	1	1	1	1	1	1	1	1	1	1	1	1	2	1	1	1	1	1	1	1	1	1	1	1	1	1	1	1	1	1	SCARNA24
15	0	1	0	0	4	2	1	2	1	0	2	1	2	2	1	1	2	1	2	1	2	1	1	3	1	3	1	1	1	2	1	1	1	2	1	1	1	0	0	3	1	1	1	1	1	1	2	2	2	0	SECIS_1
1	0	0	0	0	0	0	0	0	0	0	0	0	0	0	0	0	0	0	0	0	0	0	0	0	0	0	0	0	0	0	0	0	0	0	0	0	0	0	0	0	0	0	0	0	0	0	0	0	0	0	Six3os1_1
1	1	0	0	0	0	0	0	0	0	0	0	0	0	0	0	0	0	0	0	0	0	0	0	0	0	0	0	0	0	0	0	0	0	0	1	0	0	0	0	0	0	0	0	1	0	0	0	0	0	0	Six3os1_2
1	0	0	0	0	0	0	0	0	0	0	0	0	0	0	0	0	0	0	0	0	0	0	0	0	0	0	0	0	0	0	0	0	0	0	0	0	0	0	0	0	0	0	0	0	0	0	0	0	0	0	Six3os1_3
1	0	0	0	0	0	0	0	0	0	0	0	0	0	0	0	0	0	0	0	0	0	0	0	0	0	0	0	0	0	0	0	0	0	0	0	0	0	0	0	0	0	0	0	0	0	0	0	0	0	0	Six3os1_4
1	1	1	1	1	1	1	1	1	1	1	1	1	1	1	1	1	1	1	1	1	1	1	1	1	1	1	1	1	2	1	1	1	1	1	1	1	1	1	1	0	1	1	1	1	1	1	1	1	1	1	Six3os1_5
1	0	0	0	0	0	0	0	0	0	0	0	0	0	0	0	0	0	0	0	0	0	0	0	0	0	0	0	0	0	0	0	0	0	0	0	0	0	0	0	0	0	0	0	0	0	0	0	0	0	0	Six3os1_6
1	1	1	1	1	1	1	0	1	1	1	1	1	2	1	1	1	1	1	1	1	1	1	1	1	1	1	1	1	1	1	1	1	1	1	1	1	1	1	1	1	1	1	1	1	1	1	1	1	1	1	Six3os1_7
1	0	0	0	0	0	0	0	1	1	0	0	0	0	0	0	0	0	0	0	0	0	0	0	1	0	0	0	0	0	1	1	0	0	0	0	0	0	0	0	0	0	0	0	0	0	0	0	0	0	0	SMAD5-AS1_2
3	2	2	2	0	1	0	1	1	1	1	1	1	1	1	0	1	0	1	1	1	2	1	1	1	1	1	1	1	1	1	1	0	0	0	0	1	1	1	1	1	1	0	1	1	1	1	1	1	0	1	snoMBII-202
3	2	3	1	0	0	1	0	1	1	1	1	1	1	1	1	1	0	1	1	1	1	1	1	1	1	1	1	1	1	1	1	1	1	1	1	1	1	1	1	1	1	1	1	1	1	1	0	1	1	1	snoR38
5	1	1	1	1	1	1	1	1	1	1	1	1	1	1	1	1	1	1	1	1	1	1	1	1	1	1	1	1	1	1	1	1	1	1	1	1	1	1	1	1	1	1	1	1	1	1	1	1	1	1	SNORA1
6	3	2	2	1	0	1	0	1	1	2	1	1	1	3	2	1	1	2	2	1	1	2	2	1	0	1	1	2	1	1	1	2	1	2	1	1	1	1	2	1	2	1	1	1	1	1	0	0	1	1	SNORA2
7	3	4	2	2	2	2	2	2	2	2	2	2	2	2	2	2	2	2	2	2	2	2	2	2	2	2	2	2	2	2	2	2	2	2	2	2	2	2	2	2	2	2	2	2	2	2	2	2	2	2	SNORA3
5	1	1	0	0	1	1	0	0	1	0	0	1	0	0	0	1	1	0	0	0	0	1	0	0	0	1	1	1	0	0	0	1	1	1	0	0	1	1	1	0	1	1	0	0	1	1	1	1	0	1	SNORA4
4	4	6	2	2	4	1	4	1	1	1	0	2	1	2	3	2	0	0	3	0	0	1	2	2	1	2	3	3	5	1	1	0	0	0	0	0	3	3	2	2	4	2	4	2	1	0	1	0	1	2	SNORA5
7	0	1	1	0	1	1	1	1	1	0	0	1	0	1	0	1	1	1	1	1	0	1	1	1	1	1	1	1	1	1	1	1	1	0	0	0	1	1	1	1	1	1	1	0	1	1	1	1	0	1	SNORA7
5	0	0	0	0	0	1	0	0	0	1	0	0	0	1	0	1	0	0	0	0	0	0	0	0	0	0	0	0	0	0	0	1	1	1	2	0	0	1	0	0	0	0	0	0	0	0	0	0	1	0	SNORA8
5	2	3	2	0	1	1	1	1	3	2	1	0	0	0	0	1	0	0	3	1	1	0	0	1	0	0	0	0	0	1	1	0	2	0	3	0	1	1	2	0	2	0	0	0	3	1	1	0	0	2	SNORA9
3	1	2	1	1	1	1	1	1	1	1	1	1	1	1	1	1	1	1	1	1	1	1	1	1	1	1	1	1	1	2	1	0	0	0	1	1	1	1	1	1	1	1	1	1	1	1	1	1	1	1	SNORA12
1	1	2	1	1	1	1	0	1	1	1	1	1	1	1	1	1	1	2	1	1	1	1	1	1	1	1	1	1	1	1	1	1	2	1	1	1	1	1	1	1	2	1	1	1	1	1	1	1	1	0	SNORA13
3	0	1	1	1	1	1	1	1	1	1	1	1	2	1	1	1	1	1	1	1	1	1	1	1	1	1	1	1	1	1	1	1	1	1	1	1	2	2	1	1	1	1	1	1	1	1	1	1	1	1	SNORA14
4	2	1	1	1	1	1	1	1	1	1	1	1	1	1	1	1	1	1	1	1	1	1	1	1	1	1	1	1	1	1	1	1	0	1	1	1	1	1	1	1	1	1	1	1	1	1	1	1	1	1	SNORA15
4	1	2	1	1	1	1	1	1	1	1	0	0	0	1	1	1	1	1	0	1	0	0	1	1	0	0	1	0	0	0	1	2	1	1	0	0	1	0	0	1	1	1	1	0	1	0	0	2	0	1	SNORA16
3	0	2	0	0	0	1	0	0	0	0	0	0	0	0	0	0	0	0	0	0	0	0	0	1	0	0	0	0	0	0	1	1	2	1	1	1	1	1	0	0	0	0	0	0	0	0	0	0	0	0	SNORA17
8	1	2	1	2	1	1	1	1	1	1	1	1	1	1	1	1	1	1	1	1	1	1	1	1	1	1	2	1	1	1	1	1	1	1	2	1	1	2	1	1	1	1	1	1	1	1	1	1	1	1	SNORA18
4	0	1	1	0	1	1	1	1	1	1	1	1	1	1	1	1	1	1	1	1	1	1	1	1	1	1	1	1	1	1	1	1	1	1	1	1	1	1	1	1	1	1	1	1	1	1	1	1	1	1	SNORA19
5	1	2	1	1	1	1	1	0	1	0	0	0	0	0	0	0	0	0	0	1	0	0	0	0	0	0	0	1	0	0	0	0	0	0	0	0	0	0	0	0	0	0	1	0	0	0	0	0	0	0	SNORA20
1	2	3	2	1	1	2	1	1	1	1	0	1	0	1	2	1	1	1	2	1	1	1	1	1	0	1	1	2	1	2	2	1	1	1	2	1	1	1	2	2	1	1	2	1	2	2	2	1	1	1	SNORA21
4	1	3	1	1	1	1	1	1	1	1	1	1	1	1	1	1	1	1	2	1	1	1	1	1	1	1	1	2	1	1	1	1	1	1	1	1	1	1	1	1	1	1	1	1	1	1	1	1	1	1	SNORA22
1	1	1	1	1	1	1	1	1	1	1	1	1	1	1	1	1	1	1	1	1	1	1	1	1	1	1	1	1	1	1	1	1	1	1	1	1	1	1	1	1	1	1	1	1	1	1	1	2	1	1	SNORA23
3	1	1	0	0	1	1	1	1	0	0	1	1	0	1	1	0	1	1	1	1	1	1	1	0	1	1	1	0	1	0	1	1	1	1	1	1	1	1	1	1	1	1	1	1	1	2	0	0	1	1	SNORA24
20	1	1	1	2	1	1	1	1	1	1	1	1	1	1	1	1	1	1	1	1	1	1	1	1	1	1	1	1	1	1	1	1	1	1	1	1	1	1	2	1	1	1	1	1	1	1	1	1	1	1	SNORA25
11	1	1	1	1	1	2	1	1	1	1	1	1	1	1	1	1	1	1	1	1	1	1	1	1	1	1	1	1	1	1	1	1	1	1	1	1	1	1	1	1	1	1	1	1	1	1	1	1	1	1	SNORA26
5	1	1	1	1	1	2	1	1	1	1	1	1	1	1	1	1	1	1	1	1	1	1	1	1	1	1	1	1	1	1	1	1	1	1	1	1	1	1	1	1	1	1	1	1	1	1	1	1	1	1	SNORA27
1	1	1	1	1	1	2	1	1	1	1	1	1	1	1	1	1	1	1	1	1	1	1	1	1	1	1	1	1	1	1	1	1	1	1	1	1	1	1	1	1	1	1	1	1	1	1	1	1	1	1	SNORA28
1	2	1	1	1	1	1	1	1	1	1	1	1	1	2	1	1	1	1	1	1	1	1	1	1	1	1	1	1	1	1	1	1	1	2	1	1	1	1	1	1	1	1	1	1	1	1	1	1	1	1	SNORA29
4	1	1	0	0	0	1	1	0	1	0	0	0	0	0	0	0	0	0	0	0	0	0	0	0	0	0	0	0	0	0	0	0	1	0	0	0	0	0	0	0	0	0	0	0	0	0	0	0	0	0	SNORA30
20	2	2	2	2	2	2	2	2	2	2	2	2	2	2	2	2	2	2	2	1	1	2	2	2	2	2	2	2	3	1	2	2	3	2	2	2	2	2	1	4	2	2	2	2	1	2	2	2	1	2	SNORA31
4	1	1	1	2	1	1	1	1	1	1	1	1	1	1	1	1	1	1	1	1	1	1	1	0	1	1	1	1	1	1	1	1	1	1	1	1	1	1	1	1	1	1	1	1	1	1	1	1	1	1	SNORA32
5	2	1	1	1	1	1	1	1	1	1	1	1	1	1	1	1	1	1	1	1	1	1	1	1	1	1	1	1	1	1	1	1	1	1	1	1	1	1	1	1	1	1	1	1	1	1	1	1	1	1	SNORA33
3	1	1	1	1	1	1	1	1	1	1	1	1	1	1	1	1	1	1	1	1	1	1	1	1	1	1	1	1	1	1	1	1	1	1	1	1	1	1	1	1	1	1	1	1	1	1	1	1	1	1	SNORA35
7	1	1	1	3	1	3	2	1	2	1	1	1	1	1	1	1	1	1	1	1	2	1	2	1	1	1	1	1	1	1	1	1	1	1	1	1	1	2	1	1	1	1	1	1	1	1	1	1	1	1	SNORA36
3	1	1	0	0	0	0	0	0	0	0	0	0	0	0	1	0	0	0	0	0	0	0	0	0	0	0	0	0	0	0	0	0	0	0	0	1	0	0	0	0	1	1	0	0	0	0	0	0	0	0	SNORA38
22	0	1	1	1	1	1	1	1	2	1	1	1	1	1	1	1	1	1	1	1	1	1	1	1	1	1	1	1	1	1	1	1	1	1	1	1	1	1	1	1	1	1	1	1	1	1	1	1	1	1	SNORA40
2	1	1	1	1	1	1	1	1	1	1	1	1	1	1	1	1	1	1	1	1	1	1	1	1	1	1	1	1	1	1	1	2	2	1	2	1	1	1	1	1	1	1	1	1	1	1	1	1	1	1	SNORA41
2	1	1	1	1	1	2	1	1	1	1	0	1	1	1	1	1	1	1	1	1	1	1	1	1	1	1	1	1	1	1	1	1	1	1	1	1	1	1	1	1	1	1	1	1	1	1	0	1	1	1	SNORA44
2	1	1	1	1	1	1	1	1	1	1	1	1	1	2	1	1	1	1	1	1	1	1	1	1	1	1	1	1	1	1	1	2	1	1	1	1	1	1	1	1	1	1	1	1	1	1	1	1	1	1	SNORA46
1	1	1	1	1	1	1	0	1	1	1	1	1	1	2	1	1	1	1	1	1	1	1	1	3	1	1	1	1	1	1	1	1	1	1	1	1	1	1	1	1	1	1	2	1	1	1	1	1	1	1	SNORA47
1	1	1	1	1	0	1	0	1	1	0	1	1	2	2	1	1	1	1	1	1	1	1	1	1	1	1	1	1	1	1	1	1	2	1	2	0	1	1	1	1	1	1	1	1	1	1	1	1	1	1	SNORA49
2	1	2	2	2	2	2	1	2	2	2	1	2	1	2	2	2	2	2	3	2	1	1	2	2	1	1	1	2	1	2	2	2	1	2	2	1	1	2	2	2	2	1	2	1	1	2	1	1	1	2	SNORA50
15	1	1	0	0	0	0	2	0	0	0	0	0	0	0	0	0	0	0	0	0	0	0	0	0	0	0	0	0	0	0	0	0	1	0	0	0	0	0	0	0	1	0	0	0	0	0	0	0	0	0	SNORA51
1	1	1	1	1	1	1	1	1	1	1	1	1	1	2	1	1	1	1	1	1	1	1	1	1	1	1	1	1	1	1	1	1	1	1	1	1	1	1	1	1	1	1	1	1	1	1	1	1	1	1	SNORA52
1	1	1	1	1	1	1	1	1	1	1	1	1	1	1	1	1	1	1	1	1	2	1	1	1	1	1	1	1	1	1	1	1	2	1	1	1	1	1	1	1	1	1	1	1	1	1	1	1	1	1	SNORA53
1	0	0	0	0	0	0	0	0	0	0	0	0	0	1	0	1	0	0	0	0	0	0	0	0	0	0	1	2	0	0	0	0	0	0	0	0	0	1	1	0	0	0	0	0	0	0	0	0	0	0	SNORA54
1	3	3	3	3	3	4	2	3	2	3	3	3	3	4	3	3	3	3	3	3	3	3	3	3	3	3	3	3	3	3	3	2	4	3	3	3	3	3	3	3	3	3	3	3	3	3	3	3	3	3	SNORA55
1	1	1	0	0	1	2	1	1	1	1	1	1	1	2	1	1	1	1	1	1	1	1	1	1	1	1	1	1	1	1	1	1	1	1	1	1	1	1	1	1	1	1	1	1	1	1	1	1	1	1	SNORA56
4	2	1	0	0	0	1	0	0	0	0	0	0	0	0	0	0	0	0	0	0	0	0	0	0	0	0	0	0	0	0	0	0	1	0	0	0	0	0	0	0	1	0	0	0	0	0	0	32	0	0	SNORA57
3	0	0	1	1	1	1	1	0	1	0	1	1	0	0	1	0	0	1	1	1	1	1	1	1	0	1	1	1	1	1	1	0	3	0	1	1	1	0	1	1	1	1	1	1	1	1	1	0	0	0	SNORA58
1	1	1	1	1	1	1	1	1	1	1	1	1	1	1	1	1	1	1	1	1	1	1	1	1	1	1	1	1	1	1	1	1	1	1	1	1	1	1	1	1	1	1	1	1	1	1	1	1	1	1	SNORA61
8	2	3	2	2	2	2	2	2	2	2	2	2	2	2	2	2	2	2	2	2	2	2	2	2	2	2	2	2	2	2	2	2	3	2	2	2	2	4	2	2	2	2	2	2	2	2	2	2	1	2	SNORA62
13	1	2	1	1	1	1	1	1	1	1	1	1	1	1	1	1	1	1	1	1	1	1	1	1	1	1	1	1	1	1	1	1	1	1	1	1	1	1	1	1	1	1	1	1	1	1	1	1	1	1	SNORA63
7	1	1	0	0	0	1	1	0	1	0	0	0	0	0	0	0	0	0	0	0	0	0	0	0	0	0	0	0	0	0	0	0	1	0	0	0	0	0	0	0	0	0	0	0	0	0	0	0	0	0	SNORA64
1	2	2	2	1	2	2	2	1	1	1	0	1	1	1	0	1	2	2	2	1	1	2	1	2	2	2	2	2	2	2	2	1	1	1	1	1	1	1	1	2	2	2	2	1	2	1	3	1	0	1	SNORA65
2	1	1	1	1	2	1	0	2	1	1	1	1	1	2	1	1	1	1	1	1	1	1	1	2	1	1	1	1	1	1	2	2	1	2	1	2	1	0	1	1	1	1	2	2	1	1	1	1	1	2	SNORA66
6	1	1	1	1	1	1	1	1	1	1	1	1	1	1	1	1	1	1	1	1	1	1	1	1	1	1	1	1	1	1	1	1	1	1	1	1	1	2	1	1	1	1	1	1	1	1	1	1	1	1	SNORA68
2	1	0	1	0	1	1	1	1	1	1	0	1	1	1	1	1	1	1	0	1	1	1	1	0	1	1	0	1	1	1	1	0	2	0	1	1	1	1	1	1	1	0	1	0	1	0	1	1	1	0	SNORA69
9	2	2	2	1	1	1	1	2	2	2	0	0	0	1	2	2	1	0	2	2	0	2	0	2	1	1	1	2	2	0	2	1	1	1	1	1	0	1	1	2	2	1	1	0	2	2	0	0	1	1	SNORA71
9	1	1	1	1	1	1	1	1	1	1	1	1	1	1	1	1	1	1	1	1	1	1	1	1	1	1	1	1	1	1	1	1	1	1	1	1	1	1	1	1	1	1	1	1	1	1	1	1	1	1	SNORA72
8	3	7	1	1	1	1	1	1	1	1	1	1	1	1	1	1	1	0	1	1	1	1	1	1	1	1	0	1	1	1	1	1	1	1	2	1	1	3	1	1	1	0	1	1	2	1	1	1	0	1	SNORA73
8	3	2	2	2	1	1	1	3	2	2	2	2	2	2	2	2	2	2	2	2	2	2	2	2	2	2	2	2	2	2	2	2	4	2	2	2	2	2	2	2	2	2	2	2	2	2	2	1	2	2	SNORA74
8	1	1	1	1	1	1	1	1	2	1	1	1	1	1	1	1	1	0	1	1	1	1	1	1	1	1	1	1	1	1	1	1	1	1	1	1	1	1	1	1	1	1	1	1	1	1	1	1	1	1	SNORA75
5	1	1	1	1	1	1	1	1	1	1	1	1	1	1	1	1	1	1	1	1	1	1	1	1	1	1	1	1	1	1	1	1	2	1	1	0	1	1	1	1	1	1	1	1	1	1	1	2	1	1	SNORA77
1	0	0	1	1	1	1	1	1	0	0	1	0	0	0	0	1	1	0	0	0	0	0	1	0	0	0	0	0	0	0	0	1	1	1	1	1	1	1	0	0	0	0	0	1	1	0	0	1	0	1	SNORA84
3	1	2	1	1	1	1	1	1	1	1	1	1	1	1	1	1	1	1	1	1	1	1	1	1	1	1	1	1	1	1	1	1	1	1	1	1	1	1	1	1	1	1	1	1	1	1	1	1	1	1	SNORD2
4	1	1	1	1	1	1	1	1	1	1	1	1	1	1	1	1	1	1	1	1	1	1	1	1	1	1	1	1	1	1	1	1	0	1	1	1	1	1	1	1	1	1	1	1	1	1	1	1	1	1	SNORD5
2	1	2	1	1	1	1	1	1	1	1	1	1	1	1	1	1	1	1	1	1	1	1	1	1	1	1	1	1	1	1	1	1	1	1	1	1	1	1	1	1	1	1	1	1	1	1	1	1	1	1	SNORD11
1	1	1	1	1	1	1	1	1	1	2	1	1	1	1	1	1	1	1	1	1	1	1	1	1	1	1	1	1	1	1	1	1	1	1	1	1	1	1	1	1	1	1	1	1	1	1	1	1	1	1	SNORD11B
3	3	3	3	3	4	6	4	4	3	2	3	2	3	3	1	3	3	2	4	3	3	1	3	5	2	3	3	4	3	2	2	2	2	2	3	1	5	3	2	3	2	2	3	3	2	3	2	2	1	3	SNORD12
2	3	4	2	6	3	4	3	3	0	1	1	2	2	2	1	1	1	1	2	1	0	2	1	3	0	2	2	2	2	1	3	1	0	0	0	0	1	1	0	2	1	1	2	2	0	1	0	0	1	0	SNORD121A
6	5	5	4	4	3	3	3	3	3	2	3	3	4	4	3	3	4	3	3	3	4	3	3	3	2	3	3	3	3	3	3	3	3	3	3	3	3	3	3	3	3	3	3	3	3	3	3	3	2	3	SNORD14
2	3	4	3	3	3	5	3	3	3	3	3	3	3	3	3	2	3	3	3	3	3	3	2	3	3	3	2	3	3	3	3	2	2	2	2	2	3	3	3	3	3	3	3	3	4	3	2	2	3	3	SNORD15
1	1	2	2	2	2	3	2	2	2	2	2	2	2	1	2	2	2	3	2	2	2	2	2	2	2	2	2	2	2	2	2	2	3	2	2	2	2	2	2	2	2	2	2	2	2	2	2	2	2	2	SNORD16
1	2	2	3	2	2	2	2	2	2	3	2	3	3	2	2	3	3	2	2	2	1	1	3	2	2	3	2	3	2	3	2	2	2	2	2	2	1	1	3	1	0	2	1	1	2	2	2	1	2	2	SNORD17
5	3	3	2	3	3	3	3	3	3	3	3	3	3	3	3	3	3	3	3	3	3	3	2	3	3	3	3	3	4	3	3	2	3	3	3	3	3	3	3	3	2	2	3	3	3	3	3	2	2	3	SNORD18
1	1	4	1	1	2	3	2	2	3	1	2	2	1	2	1	1	1	1	1	1	1	1	1	1	1	1	2	1	1	1	1	2	3	2	1	2	1	1	1	1	1	1	1	1	1	1	1	1	2	1	SNORD19
1	1	1	1	1	1	1	1	1	1	1	1	1	1	1	1	1	1	1	1	1	1	1	1	1	1	1	1	1	1	1	1	1	1	1	2	1	1	1	1	1	1	1	1	1	1	1	1	1	1	1	SNORD21
2	1	2	0	1	0	0	0	0	0	0	0	0	0	0	0	1	0	0	0	0	0	0	0	0	0	0	0	0	0	0	0	0	1	1	0	0	0	0	1	0	0	0	0	0	0	0	0	0	0	0	SNORD22
2	2	2	1	4	2	3	1	2	2	4	3	3	2	4	1	2	3	1	2	2	2	2	3	3	3	3	1	2	3	2	1	2	5	2	2	1	1	1	2	2	2	2	2	2	2	1	2	2	2	2	SNORD24
1	1	1	1	1	0	1	0	0	1	0	0	0	1	1	0	1	0	0	0	0	0	0	0	1	0	0	0	0	1	0	0	1	1	1	1	1	0	0	0	0	0	0	0	0	1	0	0	0	0	0	SNORD26
2	1	1	1	0	0	1	0	1	0	0	0	0	0	0	0	0	0	0	0	0	0	0	0	0	0	0	0	0	0	0	0	0	1	0	0	0	0	0	0	0	0	0	0	0	0	0	0	0	0	0	SNORD27
2	1	1	1	1	0	0	0	0	0	0	0	1	0	0	0	0	0	0	0	0	0	0	0	0	0	0	0	0	0	0	0	0	0	0	0	0	0	0	0	0	0	0	0	0	1	0	0	0	0	0	SNORD29
2	1	2	0	1	0	0	0	0	0	0	0	0	0	0	0	0	0	0	0	0	0	0	0	0	0	0	0	0	0	0	0	1	1	0	0	1	0	0	0	0	1	0	0	0	0	0	0	0	0	0	SNORD31
4	2	2	0	0	0	0	0	0	0	0	0	0	0	0	0	0	0	0	0	0	0	0	0	0	0	0	0	0	0	0	0	1	0	1	0	1	0	0	0	0	1	0	0	0	0	0	0	0	0	0	SNORD33
1	0	0	0	0	0	0	0	0	0	0	0	0	0	0	0	0	0	0	0	0	0	0	0	0	0	0	0	0	0	0	0	0	1	1	0	1	0	0	0	1	0	0	0	0	0	0	0	0	0	0	SNORD34
2	6	9	2	0	2	2	2	0	1	1	2	2	1	2	1	2	0	2	2	2	0	2	1	2	2	1	1	2	2	0	2	2	2	2	2	2	2	1	2	2	2	2	2	0	1	0	0	0	1	2	SNORD35
4	5	3	2	2	2	2	2	2	2	3	2	2	2	2	2	2	2	2	2	2	2	2	2	2	2	2	2	2	2	2	2	2	3	2	2	2	2	2	2	2	2	2	0	2	2	2	2	2	2	2	SNORD36
6	2	3	2	2	2	2	2	2	2	2	2	2	2	2	2	2	2	2	2	2	1	2	2	1	2	2	2	2	2	2	2	2	1	2	1	2	2	2	2	2	2	2	2	2	2	2	1	2	2	2	SNORD38
4	1	2	1	1	1	1	1	1	1	1	1	1	1	1	1	1	1	1	1	1	1	1	1	1	1	1	1	1	1	1	1	1	1	1	1	1	1	1	1	1	1	1	1	1	1	1	1	1	1	1	SNORD39
2	1	1	0	0	0	1	0	0	0	0	0	0	0	0	2	1	0	0	1	0	0	0	0	1	0	0	0	1	0	0	0	0	0	0	1	1	0	1	1	0	1	1	0	0	0	0	0	0	0	0	SNORD41
4	0	1	1	1	0	1	2	1	1	1	1	1	1	1	1	1	1	1	0	1	1	1	1	1	1	1	1	1	1	1	1	1	2	1	1	1	1	1	1	1	1	1	1	1	1	1	1	1	1	1	SNORD42
2	1	0	0	0	0	1	1	0	1	0	0	0	0	0	0	0	0	0	0	0	0	0	0	0	0	0	0	0	0	0	0	0	1	0	0	0	0	0	0	0	0	0	0	0	0	0	0	0	0	0	SNORD44
9	2	2	2	2	2	3	2	1	1	5	4	4	3	1	3	3	3	4	3	1	1	4	3	4	3	3	4	7	3	2	6	1	12	2	2	6	3	2	14	2	8	7	5	1	3	2	2	4	2	1	SNORD45
1	1	1	1	1	1	1	1	1	1	2	1	1	1	1	1	1	1	1	1	1	1	1	1	1	1	1	1	1	1	1	1	1	2	1	1	1	1	1	1	1	1	1	1	1	1	1	1	1	1	1	SNORD47
2	1	1	1	1	1	1	1	1	1	1	1	1	2	1	1	1	1	1	1	1	1	1	1	1	1	1	1	1	1	1	1	1	2	1	1	1	1	1	1	1	1	1	1	1	1	1	1	2	1	1	SNORD49
4	3	3	3	1	2	2	2	3	3	3	3	3	2	2	2	2	2	3	3	2	3	2	3	2	2	2	4	3	2	3	3	1	1	1	1	1	2	1	2	2	2	2	3	2	3	3	1	2	1	2	SNORD50
2	1	2	1	1	1	1	1	1	1	1	1	1	1	1	1	1	1	1	1	1	1	1	1	1	1	1	1	1	1	1	1	2	2	1	2	1	1	1	1	1	1	1	1	1	1	1	1	1	1	1	SNORD51
8	1	1	1	1	0	1	1	0	0	1	0	0	0	0	0	1	0	1	1	0	0	0	0	0	0	0	0	0	0	0	0	1	0	1	0	0	0	1	1	0	1	0	0	0	0	0	0	0	0	0	SNORD56
1	1	1	1	0	0	1	1	0	0	1	0	0	1	0	0	1	0	0	1	0	0	0	0	1	0	0	0	1	0	0	1	1	1	1	1	1	0	1	2	1	1	0	1	0	0	1	0	0	0	0	SNORD57
4	3	5	4	6	4	3	5	5	3	2	5	3	2	6	3	3	3	3	4	3	3	3	2	6	3	3	2	2	3	3	3	5	3	4	2	4	3	3	3	3	2	2	3	5	3	3	3	0	3	3	SNORD58
4	2	4	2	2	0	2	4	0	1	2	0	3	3	1	2	2	0	0	2	2	0	2	2	2	0	2	2	2	2	2	3	1	2	2	2	1	1	0	2	2	2	2	2	2	2	2	0	0	0	3	SNORD59
1	1	1	1	1	1	1	1	1	1	1	1	1	1	1	1	1	1	1	1	1	1	1	1	1	1	1	1	1	1	1	1	1	1	1	1	1	1	1	1	1	1	1	1	1	1	1	1	1	1	1	SNORD61
3	1	0	1	1	1	1	1	0	2	1	1	1	1	1	1	1	1	1	1	1	1	1	1	1	1	1	1	2	1	0	1	1	1	1	0	0	0	0	1	1	1	1	0	0	1	1	1	1	0	1	SNORD62
2	1	1	1	1	2	1	1	1	1	1	1	1	1	1	1	1	1	1	1	1	1	1	1	1	1	1	1	1	1	1	1	2	1	2	2	1	1	1	1	1	1	1	1	1	1	1	1	1	1	1	SNORD63
2	2	3	2	2	2	1	2	1	2	2	3	2	3	2	2	2	2	2	2	2	2	1	2	2	2	2	2	2	2	2	2	2	2	2	2	2	2	2	2	2	2	2	2	1	1	2	1	2	2	2	SNORD66
2	1	1	1	1	1	1	1	1	1	1	1	1	1	2	1	2	1	1	1	1	1	1	1	1	1	1	1	1	1	1	1	1	1	1	2	1	1	1	1	1	1	1	1	1	1	1	1	1	1	1	SNORD67
2	2	1	2	2	2	2	2	2	2	2	2	2	2	2	2	2	2	2	3	2	2	2	2	2	2	2	2	2	2	2	2	3	2	2	2	1	2	2	2	2	2	2	2	2	2	2	2	2	2	2	SNORD70
1	1	1	1	1	1	1	1	1	1	1	1	1	1	1	1	1	1	1	1	1	1	1	1	1	1	1	1	1	1	1	1	1	1	1	2	1	1	1	1	1	1	1	1	1	1	1	1	1	1	1	SNORD71
1	1	1	1	2	1	1	0	1	0	0	0	1	0	0	0	0	0	1	2	1	1	0	0	1	0	1	1	1	0	0	1	1	0	1	0	1	0	0	0	1	1	1	4	0	0	0	0	1	0	0	SNORD72
2	1	2	1	1	1	1	1	1	1	1	1	1	1	1	1	1	1	1	1	1	1	1	1	1	1	1	1	1	1	1	1	1	2	1	1	1	1	1	1	1	1	1	1	1	1	1	1	1	1	1	SNORD73
3	2	2	1	2	1	1	1	1	1	1	1	1	1	1	1	1	1	1	1	1	1	1	1	1	1	1	1	1	1	1	1	2	2	1	1	1	2	1	1	1	1	1	1	1	1	1	2	1	1	1	SNORD75
3	1	1	1	1	1	1	1	0	0	0	0	0	0	0	0	0	0	0	0	0	0	0	0	0	0	0	0	0	0	0	0	0	0	0	0	0	0	0	0	0	0	0	0	0	0	0	0	0	0	0	SNORD78
2	1	1	1	1	1	1	1	1	1	2	1	1	1	1	1	1	1	1	1	1	1	1	1	1	1	1	1	1	1	1	1	1	1	1	1	1	1	1	1	1	1	1	1	1	1	1	1	1	1	1	SNORD79
4	1	0	0	1	1	1	1	1	1	1	1	1	1	0	1	1	1	1	1	1	1	1	1	1	1	1	1	1	1	0	1	1	2	1	1	1	1	1	1	1	1	1	1	1	1	1	1	1	0	1	SNORD81
1	1	1	1	1	1	1	1	1	1	1	1	1	1	1	1	1	1	1	1	1	1	1	1	1	1	1	1	2	1	1	1	1	1	1	1	1	1	1	1	1	1	1	1	1	1	1	1	1	1	1	SNORD82
2	2	2	2	2	2	2	2	2	2	2	2	2	2	2	1	2	2	2	2	2	3	2	3	2	2	2	2	2	2	1	2	2	2	2	2	2	2	2	2	2	2	2	2	2	2	2	2	2	2	2	SNORD83
1	2	3	2	1	1	4	2	2	2	2	2	2	1	1	2	1	3	2	2	2	2	2	2	2	2	2	2	2	2	2	2	2	2	2	2	2	2	2	1	1	2	2	1	1	1	2	2	0	1	2	SNORD87
4	4	2	0	0	1	0	0	0	0	0	0	0	0	0	0	0	0	0	0	0	0	0	0	0	0	0	0	0	0	0	0	0	0	0	0	1	0	0	1	0	0	0	0	0	0	0	0	0	0	0	SNORD88
1	1	1	1	1	1	1	1	1	1	1	1	1	1	1	1	1	1	1	1	1	1	1	1	1	1	1	1	1	1	1	1	1	1	1	1	2	1	1	1	1	1	1	1	1	1	1	1	1	1	1	SNORD89
2	2	1	2	2	2	2	2	1	2	2	2	2	2	2	1	2	2	2	2	1	3	0	2	2	0	2	2	3	0	2	2	2	2	2	2	2	2	2	2	2	2	2	2	2	0	2	1	1	2	2	SNORD91
1	1	1	1	20	1	1	1	1	1	0	1	1	1	1	1	1	1	1	2	1	1	1	1	1	1	1	1	1	1	1	1	1	2	1	1	1	1	1	1	1	1	1	1	0	1	1	1	1	1	1	SNORD93
1	2	4	1	1	1	2	1	1	1	1	1	1	1	2	1	1	1	1	2	1	2	1	1	1	1	2	1	1	1	1	1	1	2	1	1	1	1	1	1	1	2	1	1	1	1	1	1	1	1	1	SNORD94
3	1	0	2	0	1	1	0	1	0	0	1	1	1	0	1	1	0	0	0	0	1	1	0	0	1	0	0	1	0	0	1	0	0	0	0	0	0	0	0	0	0	0	1	0	0	1	0	0	0	0	SNORD95
1	1	1	1	1	1	1	1	1	1	1	1	1	1	1	1	1	1	1	1	1	1	1	1	1	1	1	1	1	1	1	1	1	1	1	1	1	1	1	1	1	1	1	1	1	1	1	1	1	1	1	SNORD97
1	1	1	1	1	1	1	1	1	1	1	1	1	1	1	1	1	1	1	1	1	1	1	1	1	2	1	1	1	1	1	1	2	2	1	1	1	1	1	1	1	1	1	1	1	1	1	1	1	1	2	SNORD98
1	1	1	1	1	1	1	1	1	1	1	0	1	1	1	1	1	1	1	1	1	1	1	1	1	1	1	1	1	1	2	1	1	1	1	1	1	1	1	1	1	1	1	1	1	1	1	1	1	0	1	SNORD99
1	1	2	1	2	1	1	1	1	1	1	1	1	1	0	0	1	2	1	1	1	1	1	1	1	1	1	1	1	1	1	1	1	1	2	2	2	2	2	1	1	1	1	1	2	1	1	2	2	1	2	SNORD100
1	1	2	1	1	1	1	1	1	1	1	1	1	1	1	1	1	1	1	1	1	1	1	1	1	1	1	1	1	1	1	1	1	0	1	1	1	1	1	1	1	1	1	1	1	1	1	1	1	1	1	SNORD101
1	1	1	1	1	1	2	1	1	1	1	0	1	1	1	1	0	1	1	1	1	1	1	1	1	1	1	1	1	1	1	1	0	1	1	2	1	1	1	1	1	1	1	1	1	1	1	1	1	1	1	SNORD102
3	4	3	3	4	3	2	3	2	2	2	3	3	3	3	3	2	2	2	2	2	1	3	3	2	2	4	2	3	3	3	4	2	1	2	4	3	1	2	4	4	4	4	2	3	1	1	3	2	1	2	SNORD103
3	1	2	2	2	2	2	2	2	2	1	2	2	3	1	2	1	2	2	2	2	1	2	2	2	2	2	1	1	1	2	2	2	2	2	3	2	1	1	1	1	2	2	2	2	2	2	2	1	1	2	SNORD111
1	1	1	1	1	1	1	1	1	1	1	1	1	1	2	1	1	1	1	1	1	1	1	1	1	1	1	1	1	1	1	1	1	1	1	1	1	1	1	1	1	1	1	1	1	1	1	1	1	1	1	SNORD123
1	0	0	1	0	1	0	1	1	1	1	1	1	1	1	0	1	1	1	1	0	1	0	1	1	1	0	0	1	1	0	0	1	0	1	0	1	1	1	0	1	1	1	0	0	0	1	1	1	1	0	SNORD125
1	1	1	1	1	1	1	1	1	1	1	1	1	1	1	1	1	1	1	1	1	1	1	1	1	1	1	1	1	1	1	1	1	1	1	1	1	1	1	1	1	1	1	1	1	1	1	1	1	1	1	SNORD127
3	3	4	4	4	4	4	4	4	4	4	4	4	3	3	4	4	4	6	3	4	4	4	4	4	4	4	4	4	4	4	4	3	3	3	3	4	4	3	4	4	4	4	4	4	3	4	4	4	4	4	SNORD53_SNORD92
5	2	2	1	1	1	1	1	1	1	1	1	1	2	1	1	1	1	1	1	1	1	1	1	1	1	1	1	1	1	1	1	1	2	1	2	1	1	1	1	1	1	1	1	1	1	1	1	1	1	1	SNORD65
1	1	1	1	1	1	1	1	1	1	1	1	1	1	2	1	0	1	1	1	1	1	1	1	1	1	1	1	1	1	1	1	1	1	1	1	1	1	3	1	1	1	1	1	1	1	1	1	1	1	2	SNORD90
1	1	1	0	0	0	0	1	0	0	0	0	0	0	0	0	1	0	1	0	0	0	0	0	1	0	0	0	1	0	0	0	0	1	1	0	1	0	1	1	0	0	0	0	0	0	1	0	0	0	1	SNORND104
1	3	2	2	2	2	2	2	2	2	3	2	2	1	2	2	2	0	2	2	2	2	2	2	2	2	2	2	2	2	2	2	2	2	2	2	2	2	2	2	2	2	2	2	2	2	2	2	2	2	2	snosnR60_Z15
1	1	1	1	0	0	0	0	0	0	0	0	0	0	0	0	0	0	0	0	0	0	0	0	0	0	0	0	0	0	0	0	1	0	1	0	0	0	0	0	0	0	0	0	0	0	0	0	0	0	0	snoU105B
2	1	1	1	1	2	1	2	1	1	1	1	1	1	1	1	1	0	1	1	1	1	1	1	1	1	1	1	1	1	1	1	1	1	1	1	1	1	1	1	1	1	1	1	1	1	1	1	1	1	1	snoU2-30
4	2	1	1	1	2	1	1	1	1	1	1	1	1	1	1	1	1	1	1	1	1	1	1	1	1	1	1	2	1	1	1	1	1	1	1	1	1	1	1	1	1	1	1	1	1	1	1	1	1	1	snoU2_19
1	1	1	1	1	1	2	1	1	1	1	1	1	1	1	1	1	0	1	1	1	1	1	1	1	1	1	1	1	1	1	1	1	1	1	1	1	1	1	1	1	1	1	1	1	1	1	1	1	1	1	snoU54
1	1	1	1	1	0	1	1	1	0	1	1	1	1	1	0	1	1	1	0	1	1	1	1	1	1	1	1	1	1	1	1	1	2	1	1	1	1	0	1	1	1	1	1	1	1	1	1	1	1	1	snoU82P
3	0	0	1	0	0	0	0	0	0	0	0	0	0	0	0	0	0	0	0	0	0	1	0	1	0	0	1	1	1	0	0	0	0	0	0	0	0	0	1	0	0	0	1	0	0	0	0	0	0	0	snoU83B
1	1	1	1	1	1	2	1	1	1	1	1	1	1	1	1	1	0	1	1	1	1	1	1	1	1	1	1	1	1	1	1	1	1	1	1	1	1	1	1	1	1	1	1	1	1	1	1	1	1	1	snoU85
8	2	2	2	2	1	1	1	1	1	1	1	1	2	1	1	1	0	1	2	1	1	1	1	1	1	1	1	1	1	1	1	1	2	1	1	1	1	1	1	1	1	1	1	1	1	1	1	1	1	1	snoU109
2	1	1	1	1	0	1	1	1	1	1	1	1	1	1	1	1	0	1	1	1	1	1	1	1	0	1	1	1	1	1	1	1	1	1	1	1	1	1	1	1	1	1	1	1	1	1	1	1	1	1	snoZ17
1	2	1	1	1	1	1	1	1	1	1	1	1	1	1	1	1	0	1	1	1	1	1	1	1	1	1	1	1	1	1	1	1	1	1	1	1	1	1	1	1	1	1	1	1	1	1	1	1	1	2	snoZ30
2	1	2	1	1	1	1	1	1	1	1	1	1	1	1	1	1	0	1	1	1	1	1	1	2	1	1	1	1	1	1	1	1	1	1	2	1	1	1	1	1	1	1	1	1	1	1	1	1	1	1	snoZ40
1	1	1	1	1	1	1	1	1	1	1	1	1	1	1	1	1	1	1	1	1	1	1	1	1	1	1	1	1	1	1	1	1	1	1	1	1	1	1	1	1	1	1	1	1	1	1	1	1	1	1	SOX2OT_exon1
1	0	0	0	0	0	0	0	0	0	0	0	0	0	0	0	0	0	0	0	0	0	0	0	0	0	0	0	0	0	0	0	0	0	0	0	0	0	0	0	0	0	0	0	0	0	0	0	0	0	0	SOX2OT_exon2
1	1	1	1	1	1	1	0	1	1	1	1	1	2	1	1	1	1	1	1	1	0	1	1	1	1	1	1	1	1	1	1	1	1	1	1	1	0	1	1	1	1	1	1	0	1	2	1	1	0	1	SOX2OT_exon3
1	0	1	0	0	1	0	0	0	0	1	0	0	0	1	0	2	0	0	1	0	0	0	0	0	0	0	0	0	0	0	0	0	1	0	1	0	0	1	0	0	1	0	0	0	0	1	0	0	1	0	SOX2OT_exon4
1	0	0	0	0	0	0	0	0	0	0	0	0	0	0	0	0	0	0	0	0	0	0	0	0	0	0	0	0	0	0	0	0	0	0	0	0	0	0	0	0	0	0	0	0	0	0	0	0	0	0	ST7-OT3_1
1	1	1	1	1	1	1	1	1	1	1	1	1	1	1	1	1	1	1	1	1	1	1	1	1	1	1	1	1	1	1	1	1	1	1	1	1	1	1	1	1	1	1	1	1	1	1	1	1	1	1	ST7-OT3_2
1	0	0	0	0	0	0	0	0	0	0	0	0	0	0	0	0	0	0	0	0	0	0	0	0	0	0	0	0	0	0	0	0	0	0	0	0	0	0	0	0	0	0	0	0	0	0	0	0	0	0	ST7-OT3_3
1	0	0	0	0	0	0	0	0	0	0	0	0	0	0	0	0	0	0	0	0	0	0	0	0	0	0	0	0	0	0	0	0	0	0	0	0	0	0	0	0	0	0	0	0	0	0	0	0	0	0	ST7-OT3_4
1	0	0	0	0	0	1	0	0	0	0	0	0	0	0	0	1	0	0	2	0	0	0	1	0	0	0	0	0	0	1	0	0	0	0	0	1	0	0	0	0	0	0	0	0	0	0	0	0	0	0	ST7-OT4_3
1	0	0	0	0	2	0	0	0	0	0	0	0	0	0	0	0	0	0	0	0	0	0	0	0	0	0	0	0	0	0	0	0	3	1	0	0	1	2	0	0	1	0	0	0	0	0	0	0	0	0	Telomerase-vert
1084	859	809	174	303	300	263	173	226	145	259	118	105	209	197	165	237	143	206	180	109	166	392	181	217	102	110	151	186	94	109	134	287	251	323	717	145	135	186	214	126	191	101	95	77	160	127	4349	111	112	285	tRNA
80	377	1283	1	9	4	8	6	10	11	6	9	3	17	21	18	23	8	17	10	10	5	1186	9	21	6	5	6	12	7	14	12	79	84	139	278	6	11	10	11	7	35	6	8	7	6	4	2679	8	9	51	tRNA-pseudogene
1	1	0	0	1	0	0	0	0	0	0	0	0	0	0	0	0	0	0	0	0	0	0	0	0	0	0	0	0	0	0	0	2	7	1	0	0	0	0	0	0	0	0	0	0	0	0	0	0	0	0	U1A_PIE
148	319	55	37	7	23	20	21	18	16	14	23	28	9	19	24	24	15	20	17	19	26	28	25	23	23	21	33	30	27	24	22	8	9	12	10	6	18	34	18	24	27	20	34	17	18	18	15	13	13	26	U1
91	43	56	11	8	6	13	7	9	7	9	13	12	8	15	8	12	9	6	8	9	12	11	12	13	8	7	7	12	9	16	8	6	7	9	9	10	9	10	7	8	9	8	10	4	11	4	7	6	7	12	U2
61	10	11	1	3	3	1	1	1	1	1	1	1	2	5	1	4	1	2	0	0	2	0	1	1	2	1	1	2	1	1	1	3	2	3	4	1	1	4	4	1	1	1	1	0	1	1	2	1	0	3	U3
18	1	1	0	1	2	1	1	0	0	1	0	0	0	0	0	1	0	0	0	0	0	0	0	1	0	0	0	1	0	0	1	1	0	1	0	0	0	1	0	0	1	0	0	0	0	1	1	0	0	1	U4atac
104	74	15	4	6	5	3	1	2	3	4	5	2	5	1	3	3	3	2	5	3	4	3	2	3	0	1	2	2	4	2	5	2	1	2	4	3	2	3	3	1	2	1	2	4	2	1	2	1	1	4	U4
33	24	26	3	4	8	5	2	5	1	9	2	3	2	5	5	9	1	2	2	5	4	3	7	5	5	1	4	4	4	4	4	9	7	7	6	2	2	3	4	3	1	2	2	1	2	3	3	1	0	7	U5
40	4	14	1	1	4	1	4	3	3	2	3	3	3	6	3	1	2	6	4	3	2	5	3	3	2	3	3	4	2	3	3	2	2	2	2	3	2	6	3	3	2	1	3	1	6	2	5	7	2	9	U6atac
1371	76	77	11	10	26	14	27	10	9	9	12	10	11	11	12	18	13	14	10	10	16	9	14	15	10	13	16	16	16	11	17	7	4	8	9	7	11	15	10	11	11	9	14	18	16	7	16	7	17	29	U6
211	2	1	0	1	2	0	3	0	0	0	0	0	0	0	0	1	0	0	0	1	1	1	0	1	0	0	0	0	0	0	0	0	1	0	0	0	0	1	0	0	0	0	0	0	0	1	0	0	0	1	U7
21	1	1	0	0	0	1	0	0	0	0	0	0	0	0	0	1	0	0	0	0	0	0	0	0	0	0	0	0	0	0	0	0	0	0	0	0	0	0	0	0	0	0	1	0	0	0	0	0	0	0	U8
5	1	1	0	0	2	1	1	0	0	1	0	1	0	0	0	1	0	0	2	0	1	0	0	1	0	0	2	2	0	2	0	0	1	1	0	1	0	1	1	0	2	1	0	0	0	1	0	0	0	1	U11
2	1	1	0	1	1	1	1	1	2	1	1	1	1	2	1	0	2	1	1	1	0	0	1	1	1	0	2	1	2	1	1	1	2	1	2	1	2	1	1	3	1	0	1	1	1	1	1	1	1	1	U12
34	643	6553	143	69	87	72	54	77	80	65	79	100	65	61	84	66	78	84	97	93	78	109	103	102	91	112	116	111	104	72	92	41	44	50	58	59	70	64	89	102	114	110	118	86	61	86	67	68	58	54	uc_338
9	0	4	1	0	2	1	1	1	0	0	0	1	2	0	0	1	1	1	0	2	0	0	0	0	0	0	0	0	0	0	0	0	0	0	0	0	0	0	0	0	0	0	0	0	0	0	0	0	0	0	Vault
2	0	1	1	1	1	1	1	1	1	1	1	1	1	1	1	1	1	1	1	1	1	1	1	1	1	1	1	1	1	1	1	1	1	1	1	1	1	1	1	1	1	1	1	1	1	1	1	1	1	1	Vimentin3
1	1	1	0	0	1	1	0	0	0	0	0	0	0	0	0	1	0	0	0	0	0	0	0	0	0	0	0	0	0	0	0	0	1	0	0	0	0	1	0	0	0	0	0	0	0	0	0	0	0	1	WT1-AS_7
892	6	6	3	3	3	5	3	3	2	2	2	3	3	3	3	3	3	4	3	4	3	3	3	3	3	3	3	3	3	3	3	4	4	4	4	3	3	3	3	3	4	4	2	2	3	3	7	4	4	3	Y_RNA
1	1	1	1	1	0	1	0	1	1	1	1	1	1	1	1	1	1	1	1	1	1	1	1	1	1	1	1	1	1	1	1	1	1	1	1	1	1	1	1	1	1	1	1	1	1	1	1	2	1	1	ZEB2_AS1_1
