human	alligator	turtle	ostrich_85X	tinamou_100X	duck_50X	turkey	chicken	nightjar_30X	swift_106X	hummingbird_110X	pigeon_64X	cuckoo_100X	mesite_29X	sandgrouse_25X	turaco_30X	bustard_27X	hoatzin_100X	plover_100X	crane_33X	grebe_30X	flamingo_33X	sunbittern_33X	tropicbird_39X	loon_33X	egret_74X	ibis_105X	pelican_34X	cormorant_24X	fulmar_33X	adelie_penquin_60X	emperor_penquin_60X	seriema_24X	owl_27X	vulture_25X	white_tailed_eagle_26X	bald_eagle	mousebird_27X	cuckoo_roller_32X	trogon_28X	hornbill_35X	bee_eater_37X	woodpecker_105X	falcon_105X	kea_32X	budgerigar	rifleman_29X	manakin_110X	crow_90X	zebrafinch	ground_finch_115X	family
7	1	1	1	1	1	1	1	0	0	1	1	1	1	1	1	0	0	1	1	0	1	1	1	1	1	1	0	1	1	1	0	1	1	1	1	1	1	1	1	1	0	1	1	1	1	1	1	1	1	0	ACA64
1	1	1	1	1	1	1	1	1	1	1	1	1	1	1	1	0	1	1	1	1	1	1	1	1	1	1	1	1	1	1	1	1	1	1	1	2	1	1	1	1	1	1	1	1	1	1	1	1	1	1	SCARNA1
2	1	1	1	1	1	1	1	1	1	1	1	1	1	1	1	1	1	1	1	1	1	0	1	1	1	1	1	1	1	1	1	1	1	1	1	1	1	1	1	1	1	1	1	1	1	1	1	1	1	1	SCARNA4
3	1	3	2	2	2	2	2	2	2	2	2	2	2	2	2	0	2	3	2	2	2	2	2	2	2	2	2	2	2	2	2	2	2	2	2	2	2	2	1	2	2	2	2	2	2	2	2	2	3	3	SCARNA6
1	2	1	1	1	1	1	1	1	1	1	1	1	1	1	1	2	1	1	1	1	1	1	1	2	1	1	1	2	1	2	2	1	1	1	1	1	1	1	1	3	1	2	1	1	1	1	1	1	1	1	SCARNA7
1	1	1	1	1	1	0	1	1	1	4	1	1	1	1	1	0	1	1	1	1	1	1	1	1	1	1	1	1	1	1	1	1	1	1	1	1	1	1	1	1	1	1	1	1	2	2	1	1	1	1	SCARNA8
4	1	1	1	1	1	1	1	1	1	1	1	1	1	1	1	0	1	1	1	1	1	1	1	1	1	1	1	1	1	1	1	1	1	2	1	1	1	1	1	1	1	1	1	1	1	1	1	1	1	1	SCARNA11
1	1	1	1	1	1	1	1	1	1	2	1	1	1	1	1	1	1	1	1	1	1	1	1	1	1	1	1	1	1	1	1	1	1	1	1	1	3	1	1	1	1	1	1	1	1	1	1	1	2	1	SCARNA13
1	2	2	1	1	2	1	1	1	1	1	1	1	1	1	1	0	1	1	1	1	1	1	1	1	1	1	1	1	1	1	1	1	1	1	1	1	1	1	1	1	1	1	1	1	1	1	1	1	2	1	SCARNA14
3	2	3	1	1	1	0	0	0	1	0	0	0	1	0	0	0	0	0	0	0	0	0	0	0	1	0	0	1	0	0	0	0	0	0	0	2	0	1	0	0	0	1	1	1	0	0	0	0	2	1	SCARNA15
6	0	0	1	1	1	0	0	1	0	0	0	0	1	0	1	0	0	1	1	0	0	1	0	1	1	1	0	0	1	1	1	0	0	1	1	1	0	1	0	0	0	0	1	0	0	0	1	1	1	1	SCARNA16
7	1	0	1	1	1	1	1	0	1	0	0	1	0	0	1	0	0	0	1	1	1	1	1	0	0	0	0	0	1	0	0	1	0	1	0	1	0	1	1	1	0	1	1	1	1	1	0	1	0	1	SCARNA20
1	1	1	1	1	1	1	1	1	1	1	1	1	1	1	1	0	1	1	1	1	1	1	1	1	1	1	1	1	1	1	1	1	1	1	1	0	1	1	1	1	1	2	1	1	1	1	1	1	1	1	SCARNA23
3	1	2	1	1	1	1	1	1	1	1	1	1	1	1	1	1	1	1	1	1	1	1	1	1	1	1	1	1	1	1	1	1	1	1	1	1	1	1	1	1	1	1	1	1	1	1	1	1	2	1	SCARNA24
3	2	2	2	0	0	1	1	0	1	1	1	1	1	1	1	0	2	1	1	1	1	1	1	1	1	1	1	1	1	1	1	1	1	1	0	1	1	1	1	1	0	1	1	1	1	1	0	0	0	0	snoMBII-202
3	2	3	1	0	1	0	0	1	1	1	1	1	1	1	1	0	1	1	1	1	1	1	1	1	1	1	1	1	1	1	1	1	1	1	1	1	1	1	0	1	1	1	1	1	1	1	1	1	1	1	snoR38
5	1	1	1	1	1	1	1	1	1	1	1	1	1	1	1	1	1	1	1	1	1	1	1	1	1	1	1	1	1	1	1	1	1	1	1	1	1	1	1	1	1	1	1	1	1	1	1	1	1	1	SNORA1
6	3	2	2	1	1	0	0	2	1	3	2	1	1	1	2	1	1	2	1	1	1	1	1	1	2	1	2	0	1	1	2	1	1	1	1	2	1	1	0	0	1	1	2	1	1	1	1	2	1	2	SNORA2
7	3	4	2	2	2	2	2	2	2	2	2	2	2	2	2	2	2	2	2	2	2	2	2	2	2	2	2	2	2	2	2	2	2	2	2	2	2	2	2	2	2	2	2	2	2	2	2	2	2	2	SNORA3
5	1	1	0	0	0	0	1	0	0	0	0	1	0	0	0	1	0	0	0	0	1	0	0	0	0	0	1	0	1	1	1	0	0	0	1	1	1	1	1	1	0	1	1	1	1	0	0	1	1	1	SNORA4
4	4	6	2	2	1	4	4	3	1	2	1	2	1	1	0	0	0	3	0	0	2	1	1	5	2	2	1	1	2	3	3	2	2	4	2	4	1	0	1	0	1	2	2	3	3	0	0	0	0	0	SNORA5
7	0	1	1	0	1	1	1	0	0	1	0	1	1	1	1	1	0	1	1	0	1	1	1	1	1	1	1	1	1	1	1	1	0	1	1	1	1	1	1	1	0	1	1	1	1	0	0	0	1	1	SNORA7
5	0	0	0	0	1	0	0	0	0	1	1	1	0	0	0	0	0	0	0	0	0	0	0	0	0	0	0	0	0	0	0	0	0	0	0	0	0	0	0	0	1	0	0	0	1	0	2	1	1	1	SNORA8
5	2	3	2	0	1	1	1	0	0	0	2	1	1	3	0	0	1	3	1	1	0	1	1	0	0	1	0	0	0	0	0	0	0	0	0	2	3	1	1	0	0	2	2	1	1	0	3	0	2	0	SNORA9
3	1	2	1	1	1	1	1	1	1	1	1	1	1	1	1	1	1	1	1	1	1	2	1	1	1	1	1	1	1	1	1	1	1	1	1	1	1	1	1	1	1	1	1	1	1	1	1	0	0	0	SNORA12
1	1	2	1	1	1	0	1	1	1	1	1	1	1	1	2	1	1	1	1	1	1	1	1	1	1	1	1	1	1	1	1	1	1	1	1	2	1	1	1	1	1	0	1	1	1	1	1	1	2	1	SNORA13
3	0	1	1	1	0	1	1	1	2	1	1	1	1	1	1	1	1	1	1	1	1	1	1	1	1	1	1	1	1	1	1	1	1	1	1	1	1	1	1	1	1	1	1	2	2	1	1	1	1	1	SNORA14
4	2	1	1	1	1	1	1	1	1	1	1	1	1	1	1	1	1	1	1	1	1	1	1	1	1	1	1	1	1	1	1	1	1	1	1	1	1	1	1	1	1	1	1	1	1	1	1	1	0	1	SNORA15
4	1	2	1	1	1	1	1	1	0	1	1	1	1	1	1	1	0	0	1	0	0	0	1	0	1	1	0	0	0	1	0	1	0	1	1	1	1	0	0	2	0	1	0	1	0	0	0	1	1	2	SNORA16
3	0	2	0	0	1	0	0	0	0	0	0	0	0	0	0	0	0	0	0	0	0	0	1	0	0	1	0	0	0	0	0	0	0	0	0	0	0	0	0	0	0	0	0	1	1	1	1	1	2	1	SNORA17
8	1	2	1	2	1	1	1	1	1	1	1	1	1	1	1	1	1	1	1	1	1	1	1	1	1	1	1	1	1	2	1	1	1	1	1	1	1	1	1	1	1	1	1	1	2	1	2	1	1	1	SNORA18
4	0	1	1	0	1	1	1	1	1	1	1	1	1	1	1	1	1	1	1	1	1	1	1	1	1	1	1	1	1	1	1	1	1	1	1	1	1	1	1	1	1	1	1	1	1	1	1	1	1	1	SNORA19
5	1	2	1	1	0	1	1	0	0	0	0	0	0	0	0	0	0	0	1	0	0	0	0	0	0	0	0	0	0	0	1	0	0	1	0	0	0	0	0	0	0	0	0	0	0	0	0	0	0	0	SNORA20
1	2	3	2	1	2	1	1	2	0	1	1	1	1	1	1	1	1	2	1	0	1	2	2	1	1	1	1	0	1	1	2	2	1	2	1	1	2	2	2	1	1	1	2	1	1	1	2	1	0	1	SNORA21
4	1	3	1	1	1	1	1	1	1	1	1	1	1	1	1	1	1	2	1	1	1	1	1	1	1	1	1	1	1	1	2	1	1	1	1	1	1	1	1	1	1	1	1	1	1	1	1	1	1	1	SNORA22
1	1	1	1	1	1	1	1	1	1	1	1	1	1	1	1	1	1	1	1	1	1	1	1	1	1	1	1	1	1	1	1	1	1	1	1	1	1	1	1	2	1	1	1	1	1	1	1	1	1	1	SNORA23
3	1	1	0	0	0	1	1	1	0	1	0	0	1	0	1	1	1	1	1	1	1	0	1	1	1	0	1	1	1	1	0	1	1	1	1	1	1	2	0	0	1	1	1	1	1	1	1	1	1	1	SNORA24
20	1	1	1	2	1	1	1	1	1	1	1	1	1	1	1	1	1	1	1	1	1	1	1	1	1	1	1	1	1	1	1	1	1	1	1	1	1	1	1	1	1	1	2	1	1	1	1	1	1	1	SNORA25
11	1	1	1	1	2	1	1	1	1	1	1	1	1	1	1	1	1	1	1	1	1	1	1	1	1	1	1	1	1	1	1	1	1	1	1	1	1	1	1	1	1	1	1	1	1	1	1	1	1	1	SNORA26
5	1	1	1	1	2	1	1	1	1	1	1	1	1	1	1	1	1	1	1	1	1	1	1	1	1	1	1	1	1	1	1	1	1	1	1	1	1	1	1	1	1	1	1	1	1	1	1	1	1	1	SNORA27
1	1	1	1	1	2	1	1	1	1	1	1	1	1	1	1	1	1	1	1	1	1	1	1	1	1	1	1	1	1	1	1	1	1	1	1	1	1	1	1	1	1	1	1	1	1	1	1	1	1	1	SNORA28
1	2	1	1	1	1	1	1	1	1	2	1	1	1	1	1	1	1	1	1	1	1	1	1	1	1	1	1	1	1	1	1	1	1	1	1	1	1	1	1	1	1	1	1	1	1	1	1	2	1	1	SNORA29
20	2	2	2	2	2	2	2	2	2	2	2	2	2	1	2	2	1	2	1	2	2	1	2	3	2	2	2	2	2	2	2	4	2	2	2	2	1	2	2	2	1	2	1	2	2	2	2	2	3	2	SNORA31
4	1	1	1	2	1	1	1	1	1	1	1	1	1	1	1	1	1	1	1	1	1	1	1	1	1	0	1	1	1	1	1	1	1	1	1	1	1	1	1	1	1	1	1	1	1	1	1	1	1	1	SNORA32
5	2	1	1	1	1	1	1	1	1	1	1	1	1	1	1	1	1	1	1	1	1	1	1	1	1	1	1	1	1	1	1	1	1	1	1	1	1	1	1	1	1	1	1	1	1	1	1	1	1	1	SNORA33
3	1	1	1	1	1	1	1	1	1	1	1	1	1	1	1	1	1	1	1	1	1	1	1	1	1	1	1	1	1	1	1	1	1	1	1	1	1	1	1	1	1	1	1	1	1	1	1	1	1	1	SNORA35
7	1	1	1	3	2	1	1	1	1	1	1	1	1	1	1	1	2	1	1	1	1	1	1	1	2	1	1	1	1	1	1	1	1	1	1	1	1	1	1	1	1	1	1	1	2	1	1	1	1	1	SNORA36
3	1	1	0	0	0	0	0	1	0	0	0	0	0	0	0	0	0	0	0	0	0	0	0	0	0	0	0	0	0	0	0	0	0	0	1	1	0	0	0	0	0	0	0	0	0	1	0	0	0	0	SNORA38
22	0	1	1	1	1	1	1	1	1	1	1	1	1	1	1	1	1	1	1	1	1	1	1	1	1	1	1	1	1	1	1	1	1	1	1	1	1	1	1	1	1	1	1	1	1	1	1	1	1	1	SNORA40
2	1	1	1	1	1	1	1	1	1	1	1	1	1	1	1	1	1	1	1	1	1	1	1	1	1	1	1	1	1	1	1	1	1	1	1	1	1	1	1	1	1	1	1	1	1	1	2	1	2	2	SNORA41
2	1	1	1	1	2	1	1	1	1	1	1	1	1	1	1	1	1	1	1	0	1	1	1	1	1	1	1	1	1	1	1	1	1	1	1	1	1	1	0	1	1	1	1	1	1	1	1	1	1	1	SNORA44
2	1	1	1	1	1	1	1	1	1	2	1	1	1	1	1	1	1	1	1	1	1	1	1	1	1	1	1	1	1	1	1	1	1	1	1	1	1	1	1	1	1	1	1	1	1	1	1	1	1	2	SNORA46
1	1	1	1	1	1	0	1	1	1	2	1	1	1	1	1	1	1	1	1	1	1	1	1	1	1	3	1	1	1	1	1	1	1	2	1	1	1	1	1	1	1	1	1	1	1	1	1	1	1	1	SNORA47
1	1	1	1	1	1	0	0	1	2	2	0	1	1	1	1	1	1	1	1	1	1	1	1	1	1	1	1	1	1	1	1	1	1	1	1	1	1	1	1	1	1	1	1	1	1	0	2	1	2	1	SNORA49
2	1	2	2	2	2	2	2	2	1	2	2	2	2	2	2	2	1	3	2	1	2	2	2	1	2	2	1	1	1	1	2	2	1	2	1	2	1	2	1	1	1	2	2	1	2	1	2	2	2	2	SNORA50
1	1	1	1	1	1	1	1	1	1	2	1	1	1	1	1	1	1	1	1	1	1	1	1	1	1	1	1	1	1	1	1	1	1	1	1	1	1	1	1	1	1	1	1	1	1	1	1	1	1	1	SNORA52
1	1	1	1	1	1	1	1	1	1	1	1	1	1	1	1	1	2	1	1	1	1	1	1	1	1	1	1	1	1	1	1	1	1	1	1	1	1	1	1	1	1	1	1	1	1	1	1	1	2	1	SNORA53
1	0	0	0	0	0	0	0	0	0	1	0	1	0	0	0	0	0	0	0	0	0	0	0	0	0	0	0	0	0	1	2	0	0	0	0	0	0	0	0	0	0	0	1	0	1	0	0	0	0	0	SNORA54
1	3	3	3	3	4	2	3	3	3	4	3	3	3	2	3	3	3	3	3	3	3	3	3	3	3	3	3	3	3	3	3	3	3	3	3	3	3	3	3	3	3	3	3	3	3	3	3	3	4	2	SNORA55
1	1	1	0	0	2	1	1	1	1	2	1	1	1	1	1	1	1	1	1	1	1	1	1	1	1	1	1	1	1	1	1	1	1	1	1	1	1	1	1	1	1	1	1	1	1	1	1	1	1	1	SNORA56
4	2	1	0	0	0	0	0	0	0	0	0	0	0	0	0	0	0	0	0	0	0	0	0	0	0	0	0	0	0	0	0	0	0	0	0	1	0	0	0	32	0	0	0	0	0	0	0	0	1	0	SNORA57
3	0	0	1	1	1	1	1	1	0	0	0	0	0	0	1	0	1	1	1	1	1	1	1	1	1	1	1	0	1	1	1	1	1	1	1	1	1	1	1	0	0	0	1	1	0	1	1	0	0	0	SNORA58
1	1	1	1	1	1	1	1	1	1	1	1	1	1	1	1	1	1	1	1	1	1	1	1	1	1	1	1	1	1	1	1	1	1	1	1	1	1	1	1	1	1	1	1	1	1	1	1	1	1	1	SNORA61
8	2	3	2	2	2	2	2	2	2	2	2	2	2	2	2	2	2	2	2	2	2	2	2	2	2	2	2	2	2	2	2	2	2	2	2	2	2	2	2	2	1	2	2	2	4	2	2	2	3	2	SNORA62
13	1	2	1	1	1	1	1	1	1	1	1	1	1	1	1	1	1	1	1	1	1	1	1	1	1	1	1	1	1	1	1	1	1	1	1	1	1	1	1	1	1	1	1	1	1	1	1	1	1	1	SNORA63
1	2	2	2	1	2	2	2	0	1	1	1	1	1	1	2	2	1	2	1	0	1	2	2	2	1	2	2	2	2	2	2	2	1	2	2	2	2	1	3	1	0	1	1	1	1	1	1	1	1	1	SNORA65
2	1	1	1	1	1	0	2	1	1	2	1	1	2	1	1	1	1	1	1	1	1	1	2	1	1	2	1	1	1	1	1	1	2	2	1	1	1	1	1	1	1	2	1	1	0	2	1	2	1	2	SNORA66
6	1	1	1	1	1	1	1	1	1	1	1	1	1	1	1	1	1	1	1	1	1	1	1	1	1	1	1	1	1	1	1	1	1	1	1	1	1	1	1	1	1	1	1	1	2	1	1	1	1	1	SNORA68
2	1	0	1	0	1	1	1	1	1	1	1	1	1	1	1	1	1	0	1	0	1	1	1	1	1	0	1	1	1	0	1	1	0	1	0	1	1	0	1	1	1	0	1	1	1	1	1	0	2	0	SNORA69
9	2	2	2	1	1	1	1	2	0	1	2	2	2	2	0	1	0	2	2	0	0	0	2	2	0	2	2	1	1	1	2	2	0	1	1	2	2	2	0	0	1	1	1	0	1	1	1	1	1	1	SNORA71
9	1	1	1	1	1	1	1	1	1	1	1	1	1	1	1	1	1	1	1	1	1	1	1	1	1	1	1	1	1	1	1	1	1	1	1	1	1	1	1	1	1	1	1	1	1	1	1	1	1	1	SNORA72
8	3	7	1	1	1	1	1	1	1	1	1	1	1	1	0	1	1	1	1	1	1	1	1	1	1	1	1	1	1	0	1	1	1	1	0	1	2	1	1	1	0	1	1	1	3	1	2	1	1	1	SNORA73
8	3	2	2	2	1	1	1	2	2	2	2	2	3	2	2	2	2	2	2	2	2	2	2	2	2	2	2	2	2	2	2	2	2	2	2	2	2	2	2	1	2	2	2	2	2	2	2	2	4	2	SNORA74
8	1	1	1	1	1	1	1	1	1	1	1	1	1	1	0	1	1	1	1	1	1	1	1	1	1	1	1	1	1	1	1	1	1	1	1	1	1	1	1	1	1	1	1	1	1	1	1	1	1	1	SNORA75
5	1	1	1	1	1	1	1	1	1	1	1	1	1	1	1	1	1	1	1	1	1	1	1	1	1	1	1	1	1	1	1	1	1	1	1	1	1	1	1	2	1	1	1	1	1	0	1	1	2	1	SNORA77
1	0	0	1	1	1	1	1	0	0	0	0	1	1	0	0	1	0	0	0	1	0	0	0	0	1	0	0	0	0	0	0	0	1	0	0	0	1	0	0	1	0	1	0	1	1	1	1	1	1	1	SNORA84
3	1	2	1	1	1	1	1	1	1	1	1	1	1	1	1	1	1	1	1	1	1	1	1	1	1	1	1	1	1	1	1	1	1	1	1	1	1	1	1	1	1	1	1	1	1	1	1	1	1	1	SNORD2
4	1	1	1	1	1	1	1	1	1	1	1	1	1	1	1	1	1	1	1	1	1	1	1	1	1	1	1	1	1	1	1	1	1	1	1	1	1	1	1	1	1	1	1	1	1	1	1	1	0	1	SNORD5
2	1	2	1	1	1	1	1	1	1	1	1	1	1	1	1	1	1	1	1	1	1	1	1	1	1	1	1	1	1	1	1	1	1	1	1	1	1	1	1	1	1	1	1	1	1	1	1	1	1	1	SNORD11
3	3	3	3	3	6	4	4	1	3	3	2	3	4	3	2	3	3	4	3	3	2	2	2	3	3	5	1	2	3	3	4	3	3	3	2	2	2	3	2	2	1	3	2	5	3	1	3	2	2	2	SNORD12
2	3	4	2	6	4	3	3	1	2	2	1	1	3	0	1	1	0	2	1	1	2	1	3	2	1	3	2	0	2	2	2	2	2	2	1	1	0	1	0	0	1	0	0	1	1	0	0	0	0	1	SNORD121A
6	5	5	4	4	3	3	3	3	4	4	2	3	3	3	3	4	4	3	3	3	3	3	3	3	3	3	3	2	3	3	3	3	3	3	3	3	3	3	3	3	2	3	3	3	3	3	3	3	3	3	SNORD14
2	3	4	3	3	5	3	3	3	3	3	3	2	3	3	3	3	3	3	3	3	3	3	3	3	2	3	3	3	3	2	3	3	3	3	3	3	4	3	2	2	3	3	3	3	3	2	2	2	2	2	SNORD15
1	1	2	2	2	3	2	2	2	2	1	2	2	2	2	3	2	2	2	2	2	2	2	2	2	2	2	2	2	2	2	2	2	2	2	2	2	2	2	2	2	2	2	2	2	2	2	2	2	3	2	SNORD16
1	2	2	3	2	2	2	2	2	3	2	3	3	2	2	2	3	1	2	2	2	3	3	2	2	3	2	1	2	3	2	3	1	1	1	2	0	2	2	2	1	2	2	3	1	1	2	2	2	2	2	SNORD17
5	3	3	2	3	3	3	3	3	3	3	3	3	3	3	3	3	3	3	3	3	3	3	3	4	2	3	3	3	3	3	3	3	3	3	2	2	3	3	3	2	2	3	3	3	3	3	3	3	2	2	SNORD18
1	1	4	1	1	1	2	2	1	1	2	1	1	2	1	1	1	1	1	1	2	2	1	1	1	1	1	1	1	1	2	1	1	1	1	1	1	1	1	1	1	2	1	1	1	1	2	1	2	1	2	SNORD19
1	1	1	1	1	1	1	1	1	1	1	1	1	1	1	1	1	1	1	1	1	1	1	1	1	1	1	1	1	1	1	1	1	1	1	1	1	1	1	1	1	1	1	1	1	1	1	2	1	1	1	SNORD21
2	1	2	0	1	0	0	0	0	0	0	0	1	0	0	0	0	0	0	0	0	0	0	0	0	0	0	0	0	0	0	0	0	0	0	0	0	0	0	0	0	0	0	1	0	0	0	0	1	1	0	SNORD22
2	2	2	1	4	3	1	2	1	2	4	4	2	2	2	1	3	2	2	2	3	3	2	1	3	3	3	2	3	3	1	2	2	2	2	2	2	2	1	2	2	2	2	2	1	1	1	2	2	5	2	SNORD24
1	1	1	1	1	1	0	0	0	1	1	0	1	0	1	0	0	0	0	0	0	0	0	0	1	0	1	0	0	0	0	0	0	0	0	0	0	1	0	0	0	0	0	0	0	0	1	1	1	1	1	SNORD26
2	1	1	1	1	0	0	0	0	0	0	0	0	0	0	0	0	0	0	0	0	1	0	0	0	0	0	0	0	0	0	0	0	0	0	0	0	1	0	0	0	0	0	0	0	0	0	0	0	0	0	SNORD29
2	1	2	0	1	0	0	0	0	0	0	0	0	0	0	0	0	0	0	0	0	0	0	0	0	0	0	0	0	0	0	0	0	0	0	0	1	0	0	0	0	0	0	0	0	0	1	0	0	1	1	SNORD31
4	2	2	0	0	0	0	0	0	0	0	0	0	0	0	0	0	0	0	0	0	0	0	0	0	0	0	0	0	0	0	0	0	0	0	0	1	0	0	0	0	0	0	0	0	0	1	0	1	0	1	SNORD33
2	6	9	2	0	2	2	2	1	1	2	1	2	0	1	2	0	0	2	2	2	2	0	2	2	1	2	2	2	1	1	2	2	0	2	2	2	1	0	0	0	1	2	2	2	1	2	2	2	2	2	SNORD35
4	5	3	2	2	2	2	2	2	2	2	3	2	2	2	2	2	2	2	2	2	2	2	2	2	2	2	2	2	2	2	2	2	2	0	2	2	2	2	2	2	2	2	2	2	2	2	2	2	3	2	SNORD36
6	2	3	2	2	2	2	2	2	2	2	2	2	2	2	2	2	1	2	2	2	2	2	2	2	2	1	2	2	2	2	2	2	2	2	2	2	2	2	1	2	2	2	2	2	2	2	1	2	1	2	SNORD38
4	1	2	1	1	1	1	1	1	1	1	1	1	1	1	1	1	1	1	1	1	1	1	1	1	1	1	1	1	1	1	1	1	1	1	1	1	1	1	1	1	1	1	1	1	1	1	1	1	1	1	SNORD39
2	1	1	0	0	1	0	0	2	0	0	0	1	0	0	0	0	0	1	0	0	0	0	0	0	0	1	0	0	0	0	1	0	0	0	1	1	0	0	0	0	0	0	1	0	1	1	1	0	0	0	SNORD41
4	0	1	1	1	1	1	0	1	1	1	1	1	1	1	1	1	1	0	1	1	1	1	1	1	1	1	1	1	1	1	1	1	1	1	1	1	1	1	1	1	1	1	1	1	1	1	1	1	2	1	SNORD42
9	2	2	2	2	3	2	2	3	3	1	5	3	1	1	4	3	1	3	1	4	4	2	6	3	3	4	4	3	3	4	7	2	1	5	7	8	3	2	2	4	2	1	14	3	2	6	2	2	10	1	SNORD45
1	1	1	1	1	1	1	1	1	1	1	2	1	1	1	1	1	1	1	1	1	1	1	1	1	1	1	1	1	1	1	1	1	1	1	1	1	1	1	1	1	1	1	1	1	1	1	1	1	2	1	SNORD47
2	1	1	1	1	1	1	1	1	2	1	1	1	1	1	1	1	1	1	1	1	1	1	1	1	1	1	1	1	1	1	1	1	1	1	1	1	1	1	1	2	1	1	1	1	1	1	1	1	2	1	SNORD49
4	3	3	3	1	2	2	2	2	2	2	3	2	3	3	3	2	3	3	2	3	3	3	3	2	3	2	2	2	2	4	3	2	2	3	2	2	3	3	1	2	1	2	2	2	1	1	1	1	1	1	SNORD50
2	1	2	1	1	1	1	1	1	1	1	1	1	1	1	1	1	1	1	1	1	1	1	1	1	1	1	1	1	1	1	1	1	1	1	1	1	1	1	1	1	1	1	1	1	1	1	2	1	2	2	SNORD51
8	1	1	1	1	1	1	0	0	0	0	1	1	0	0	1	0	0	1	0	0	0	0	0	0	0	0	0	0	0	0	0	0	0	0	0	1	0	0	0	0	0	0	1	0	1	0	0	1	0	1	SNORD56
1	1	1	1	0	1	1	0	0	1	0	1	1	0	0	0	0	0	1	0	0	0	0	1	0	0	1	0	0	0	0	1	1	0	1	0	1	0	1	0	0	0	0	2	0	1	1	1	1	1	1	SNORD57
4	3	5	4	6	3	5	4	3	2	6	2	3	5	3	3	3	3	4	3	5	3	3	3	3	2	6	3	3	3	2	2	3	5	3	2	2	3	3	3	0	3	3	3	3	3	4	2	4	3	5	SNORD58
4	2	4	2	2	2	2	0	2	3	1	2	2	0	1	0	0	0	2	2	0	3	2	3	2	2	2	2	0	2	2	2	2	2	2	2	2	2	2	0	0	0	3	2	1	0	1	2	2	2	1	SNORD59
1	1	1	1	1	1	1	1	1	1	1	1	1	1	1	1	1	1	1	1	1	1	1	1	1	1	1	1	1	1	1	1	1	1	1	1	1	1	1	1	1	1	1	1	1	1	1	1	1	1	1	SNORD61
3	1	0	1	1	0	0	1	1	1	1	1	1	0	1	1	1	1	1	1	1	1	0	1	1	1	1	1	1	1	1	2	1	0	0	1	1	1	1	1	1	0	1	1	0	0	0	0	1	0	1	SNORD62
2	1	1	1	1	1	1	2	1	1	1	1	1	1	1	1	1	1	1	1	1	1	1	1	1	1	1	1	1	1	1	1	1	1	1	1	1	1	1	1	1	1	1	1	1	1	1	2	2	1	2	SNORD63
5	2	2	1	1	1	1	1	1	2	1	1	1	1	1	1	1	1	1	1	1	1	1	1	1	1	1	1	1	1	1	1	1	1	1	1	1	1	1	1	1	1	1	1	1	1	1	2	1	2	1	SNORD65
2	2	3	2	2	1	2	2	2	3	2	2	2	1	2	2	2	2	2	2	3	2	2	2	2	2	2	1	2	2	2	2	2	1	2	2	2	1	2	1	2	2	2	2	2	2	2	2	2	2	2	SNORD66
2	1	1	1	1	1	1	1	1	1	2	1	2	1	1	1	1	1	1	1	1	1	1	1	1	1	1	1	1	1	1	1	1	1	1	1	1	1	1	1	1	1	1	1	1	1	1	2	1	1	1	SNORD67
2	2	1	2	2	2	2	2	2	2	2	2	2	2	2	2	2	2	3	2	2	2	2	2	2	2	2	2	2	2	2	2	2	2	2	2	2	2	2	2	2	2	2	2	2	2	1	2	2	2	3	SNORD70
1	1	1	1	1	1	1	1	1	1	1	1	1	1	1	1	1	1	1	1	1	1	1	1	1	1	1	1	1	1	1	1	1	1	1	1	1	1	1	1	1	1	1	1	1	1	1	2	1	1	1	SNORD71
1	1	1	1	2	1	0	1	0	0	0	0	0	1	0	1	0	1	2	1	0	1	0	1	0	0	1	0	0	1	1	1	1	0	4	1	1	0	0	0	1	0	0	0	0	0	1	0	1	0	1	SNORD72
2	1	2	1	1	1	1	1	1	1	1	1	1	1	1	1	1	1	1	1	1	1	1	1	1	1	1	1	1	1	1	1	1	1	1	1	1	1	1	1	1	1	1	1	1	1	1	1	1	2	1	SNORD73
3	2	2	1	2	1	1	1	1	1	1	1	1	1	1	1	1	1	1	1	1	1	1	1	1	1	1	1	1	1	1	1	1	1	1	1	1	1	1	2	1	1	1	1	2	1	1	1	1	2	2	SNORD75
3	1	1	1	1	1	1	1	0	0	0	0	0	0	0	0	0	0	0	0	0	0	0	0	0	0	0	0	0	0	0	0	0	0	0	0	0	0	0	0	0	0	0	0	0	0	0	0	0	0	0	SNORD78
2	1	1	1	1	1	1	1	1	1	1	2	1	1	1	1	1	1	1	1	1	1	1	1	1	1	1	1	1	1	1	1	1	1	1	1	1	1	1	1	1	1	1	1	1	1	1	1	1	1	1	SNORD79
4	1	0	0	1	1	1	1	1	1	0	1	1	1	0	1	1	1	1	1	1	1	0	1	1	1	1	1	1	1	1	1	1	1	1	1	1	1	1	1	1	0	1	1	1	1	1	1	1	2	1	SNORD81
1	1	1	1	1	1	1	1	1	1	1	1	1	1	1	1	1	1	1	1	1	1	1	1	1	1	1	1	1	1	1	2	1	1	1	1	1	1	1	1	1	1	1	1	1	1	1	1	1	1	1	SNORD82
2	2	2	2	2	2	2	2	1	2	2	2	2	2	2	2	2	3	2	2	2	2	1	2	2	3	2	2	2	2	2	2	2	2	2	2	2	2	2	2	2	2	2	2	2	2	2	2	2	2	2	SNORD83
1	2	3	2	1	4	2	1	2	1	1	2	1	2	2	2	3	2	2	2	2	2	2	2	2	2	2	2	2	2	2	2	1	1	1	2	2	1	2	2	0	1	2	1	2	2	2	2	2	2	2	SNORD87
4	4	2	0	0	0	0	1	0	0	0	0	0	0	0	0	0	0	0	0	0	0	0	0	0	0	0	0	0	0	0	0	0	0	0	0	0	0	0	0	0	0	0	1	0	0	1	0	0	0	0	SNORD88
1	1	1	1	1	1	1	1	1	1	1	1	1	1	1	1	1	1	1	1	1	1	1	1	1	1	1	1	1	1	1	1	1	1	1	1	1	1	1	1	1	1	1	1	1	1	2	1	1	1	1	SNORD89
1	1	1	1	1	1	1	1	1	1	2	1	0	1	1	1	1	1	1	1	1	1	1	1	1	1	1	1	1	1	1	1	1	1	1	1	1	1	1	1	1	1	2	1	1	3	1	1	1	1	1	SNORD90
2	2	1	2	2	2	2	2	1	2	2	2	2	1	2	2	2	3	2	1	2	2	2	2	0	2	2	0	0	2	2	3	2	2	2	2	2	0	2	1	1	2	2	2	2	2	2	2	2	2	2	SNORD91
1	1	1	1	92	1	1	1	1	1	1	0	1	1	1	1	1	1	2	1	1	1	1	1	1	1	1	1	1	1	1	1	1	1	1	1	1	1	1	1	1	1	1	1	1	1	1	1	1	2	1	SNORD93
1	2	4	1	1	2	1	1	1	1	2	1	1	1	1	1	1	2	2	1	1	1	1	1	1	1	1	1	1	2	1	1	1	1	1	1	2	1	1	1	1	1	1	1	1	1	1	1	1	2	1	SNORD94
3	1	0	2	0	0	0	1	1	1	0	0	1	1	0	0	0	1	0	0	1	1	0	1	0	0	0	1	1	0	0	1	0	0	1	0	0	0	1	0	0	0	0	0	0	0	0	0	0	0	0	SNORD95
1	1	1	1	1	1	1	1	1	1	1	1	1	1	1	1	1	1	1	1	1	1	1	1	1	1	1	1	2	1	1	1	1	1	1	1	1	1	1	1	1	1	2	1	1	1	1	1	1	2	2	SNORD98
1	1	1	1	1	1	1	1	1	1	1	1	1	1	1	1	1	1	1	1	0	1	2	1	1	1	1	1	1	1	1	1	1	1	1	1	1	1	1	1	1	0	1	1	1	1	1	1	1	1	1	SNORD99
1	1	2	1	2	1	1	1	0	1	0	1	1	1	1	1	2	1	1	1	1	1	1	1	1	1	1	1	1	1	1	1	1	2	1	1	1	1	1	2	2	1	2	1	2	2	2	2	2	1	1	SNORD100
1	1	2	1	1	1	1	1	1	1	1	1	1	1	1	1	1	1	1	1	1	1	1	1	1	1	1	1	1	1	1	1	1	1	1	1	1	1	1	1	1	1	1	1	1	1	1	1	1	0	1	SNORD101
1	1	1	1	1	2	1	1	1	1	1	1	0	1	1	1	1	1	1	1	0	1	1	1	1	1	1	1	1	1	1	1	1	1	1	1	1	1	1	1	1	1	1	1	1	1	1	2	1	1	0	SNORD102
3	4	3	3	4	2	3	3	3	3	3	2	2	2	2	2	2	1	2	2	3	3	3	4	3	3	2	3	2	4	2	3	4	3	2	4	4	1	1	3	2	1	2	4	1	2	3	4	2	1	2	SNORD103
3	1	2	2	2	2	2	2	2	3	1	1	1	2	2	2	2	1	2	2	2	2	2	2	1	2	2	2	2	2	1	1	1	2	2	2	2	2	2	2	1	1	2	1	1	1	2	3	2	1	2	SNORD111
1	1	1	1	1	1	1	1	1	1	1	2	1	1	1	1	1	1	1	1	1	1	1	1	1	1	1	1	1	1	1	1	1	1	1	1	1	1	1	1	1	1	1	1	1	1	1	1	1	1	1	SNORD11B
1	1	1	1	1	1	1	1	1	1	1	1	1	1	1	1	1	1	1	1	1	1	1	1	1	1	1	1	1	1	1	1	1	1	1	1	1	1	1	1	1	1	1	1	1	1	1	1	1	1	1	SNORD97
1	1	1	1	1	1	1	1	1	1	2	1	1	1	1	1	1	1	1	1	1	1	1	1	1	1	1	1	1	1	1	1	1	1	1	1	1	1	1	1	1	1	1	1	1	1	1	1	1	1	1	SNORD123
1	0	0	1	0	0	1	1	0	1	1	1	1	1	1	1	1	1	1	0	1	1	0	0	1	1	1	0	1	0	0	1	1	0	0	1	1	0	1	1	1	1	0	0	1	1	1	0	1	0	1	SNORD125
1	1	1	1	1	1	1	1	1	1	1	1	1	1	1	1	1	1	1	1	1	1	1	1	1	1	1	1	1	1	1	1	1	1	1	1	1	1	1	1	1	1	1	1	1	1	1	1	1	1	1	SNORD127
3	3	4	4	4	4	4	4	4	3	3	4	4	4	4	6	4	4	3	4	4	4	4	4	4	4	4	4	4	4	4	4	4	4	4	4	4	3	4	4	4	4	4	4	4	3	4	3	3	3	3	SNORD53_SNORD92
1	1	1	0	0	0	1	0	0	0	0	0	1	0	0	1	0	0	0	0	0	0	0	0	0	0	1	0	0	0	0	1	0	0	0	0	0	0	1	0	0	0	1	1	0	1	1	0	1	1	0	SNORND104
1	3	2	2	2	2	2	2	2	1	2	3	2	2	2	2	0	2	2	2	2	2	2	2	2	2	2	2	2	2	2	2	2	2	2	2	2	2	2	2	2	2	2	2	2	2	2	2	2	2	2	snosnR60_Z15
1	1	1	1	0	0	0	0	0	0	0	0	0	0	0	0	0	0	0	0	0	0	0	0	0	0	0	0	0	0	0	0	0	0	0	0	0	0	0	0	0	0	0	0	0	0	0	0	1	0	1	snoU105B
2	1	1	1	1	1	2	2	1	1	1	1	1	1	1	1	0	1	1	1	1	1	1	1	1	1	1	1	1	1	1	1	1	1	1	1	1	1	1	1	1	1	1	1	1	1	1	1	1	1	1	snoU2-30
4	2	1	1	1	1	1	2	1	1	1	1	1	1	1	1	1	1	1	1	1	1	1	1	1	1	1	1	1	1	1	2	1	1	1	1	1	1	1	1	1	1	1	1	1	1	1	1	1	1	1	snoU2_19
1	1	1	1	1	2	1	1	1	1	1	1	1	1	1	1	0	1	1	1	1	1	1	1	1	1	1	1	1	1	1	1	1	1	1	1	1	1	1	1	1	1	1	1	1	1	1	1	1	1	1	snoU54
1	1	1	1	1	1	1	0	0	1	1	1	1	1	0	1	1	1	0	1	1	1	1	1	1	1	1	1	1	1	1	1	1	1	1	1	1	1	1	1	1	1	1	1	1	0	1	1	1	2	1	snoU82P
3	0	0	1	0	0	0	0	0	0	0	0	0	0	0	0	0	0	0	0	0	0	0	0	1	0	1	1	0	0	1	1	0	0	1	0	0	0	0	0	0	0	0	1	0	0	0	0	0	0	0	snoU83B
1	1	1	1	1	2	1	1	1	1	1	1	1	1	1	1	0	1	1	1	1	1	1	1	1	1	1	1	1	1	1	1	1	1	1	1	1	1	1	1	1	1	1	1	1	1	1	1	1	1	1	snoU85
8	2	2	2	2	1	1	1	1	2	1	1	1	1	1	1	0	1	2	1	1	1	1	1	1	1	1	1	1	1	1	1	1	1	1	1	1	1	1	1	1	1	1	1	1	1	1	1	1	2	1	snoU109
2	1	1	1	1	1	1	0	1	1	1	1	1	1	1	1	0	1	1	1	1	1	1	1	1	1	1	1	0	1	1	1	1	1	1	1	1	1	1	1	1	1	1	1	1	1	1	1	1	1	1	snoZ17
1	2	1	1	1	1	1	1	1	1	1	1	1	1	1	1	0	1	1	1	1	1	1	1	1	1	1	1	1	1	1	1	1	1	1	1	1	1	1	1	1	1	2	1	1	1	1	1	1	1	1	snoZ30
2	1	2	1	1	1	1	1	1	1	1	1	1	1	1	1	0	1	1	1	1	1	1	1	1	1	2	1	1	1	1	1	1	1	1	1	1	1	1	1	1	1	1	1	1	1	1	2	1	1	1	snoZ40
