264.10
263.34
257.56
217.30
210.53
208.68
207.93
206.28
203.94
203.79
201.04
198.15
198.05
195.94
195.62
193.50
192.37
191.35
190.65
190.60
189.65
189.63
189.37
188.37
186.96
186.86
186.07
185.99
185.06
184.89
184.56
184.39
184.17
183.90
182.68
182.23
181.53
181.41
181.07
180.82
180.77
180.66
180.05
179.89
179.86
179.80
179.51
178.94
178.68
178.54
178.02
177.84
177.73
177.59
177.55
177.28
177.27
177.18
177.17
176.46
176.40
176.34
176.27
176.07
175.69
175.57
175.17
175.15
174.57
174.49
174.43
174.42
174.19
174.10
173.49
173.01
172.85
172.81
172.53
171.99
171.98
171.76
171.70
170.97
170.80
170.76
170.73
170.54
170.28
169.99
169.58
169.31
169.01
168.45
168.36
167.96
167.82
167.82
167.58
167.37
166.95
166.84
166.81
166.63
166.58
166.31
166.26
166.18
165.68
165.45
165.35
165.25
165.07
164.87
164.15
163.52
163.10
163.06
162.71
162.66
162.23
161.91
161.65
161.58
161.55
161.06
160.97
160.62
160.57
160.47
160.05
159.42
159.40
159.24
159.17
158.97
158.51
158.42
158.24
158.08
157.88
157.74
157.68
157.66
157.66
157.52
157.45
157.15
157.07
156.93
156.91
156.90
156.81
156.73
156.55
155.99
155.45
155.13
155.11
155.10
155.05
154.96
154.96
154.95
154.91
154.71
154.46
154.22
153.77
153.74
152.87
152.72
152.56
152.16
152.16
152.12
151.85
151.73
151.72
151.60
151.32
150.88
150.80
150.57
150.54
150.34
150.33
150.32
150.24
150.16
150.12
149.96
149.62
149.52
149.26
149.18
149.17
149.17
148.81
148.71
148.46
148.44
147.87
147.74
147.69
147.08
146.89
146.84
146.76
146.65
146.59
146.39
146.29
146.25
146.13
146.12
146.08
146.06
146.02
145.86
145.82
145.82
145.78
144.80
144.75
144.59
144.50
144.31
143.82
143.56
143.38
143.23
143.03
142.81
142.68
141.68
141.65
141.56
141.43
141.38
141.27
141.18
141.13
141.03
140.86
140.82
140.65
140.25
140.18
140.06
139.89
139.59
139.54
139.50
139.29
139.14
139.08
139.07
139.05
138.67
138.35
138.31
138.14
138.03
137.71
137.66
137.60
137.56
137.37
137.22
136.70
136.13
136.08
135.99
135.97
135.87
135.74
135.66
135.50
135.49
135.43
135.38
135.33
135.29
135.24
134.85
134.83
134.59
134.57
134.45
134.30
134.21
134.11
133.79
133.78
133.61
133.50
133.10
133.03
132.78
132.65
132.47
132.40
131.99
131.95
131.72
131.52
131.39
131.22
131.18
131.12
131.12
131.01
130.97
130.72
130.48
130.42
130.28
130.08
130.02
130.01
129.97
129.93
129.92
129.83
129.68
129.64
129.03
128.96
128.93
128.89
128.89
128.88
128.87
128.82
128.54
128.21
128.14
128.09
128.06
127.64
127.64
127.60
127.51
127.33
127.32
127.20
126.82
126.66
126.46
126.29
126.18
126.14
126.12
126.08
125.65
125.60
125.54
125.20
125.02
124.70
124.68
124.32
124.27
124.21
124.14
124.02
123.93
123.77
123.77
123.65
123.65
123.61
123.41
122.86
122.75
122.56
122.53
122.45
122.04
121.82
121.77
121.69
121.61
121.25
121.11
121.07
120.98
120.47
120.29
120.15
119.90
119.85
119.77
119.47
119.45
119.29
119.28
119.27
119.26
119.00
118.88
118.84
118.42
118.24
117.95
117.60
117.38
117.36
117.29
117.16
117.04
116.79
116.58
116.57
116.26
116.04
115.93
115.84
115.76
115.63
115.60
115.57
115.44
114.85
114.24
114.07
113.95
113.93
113.89
113.73
113.65
113.50
113.28
112.02
111.36
111.35
110.93
110.85
110.72
110.42
110.22
110.21
110.02
109.32
109.15
109.12
109.11
108.97
108.92
108.86
108.86
108.67
108.55
108.48
107.78
107.76
107.52
107.32
107.31
107.27
107.16
106.97
106.92
106.82
106.79
106.66
106.51
106.29
106.20
106.03
105.90
105.82
105.62
105.32
105.24
104.66
104.48
103.88
103.63
103.57
103.17
102.25
101.36
101.01
100.51
100.34
99.51
99.18
98.90
98.18
97.61
97.25
97.13
97.11
96.89
96.80
96.72
96.21
95.97
94.86
94.73
94.62
94.61
94.59
94.44
94.37
94.23
94.08
94.04
94.00
93.56
93.48
93.36
93.34
92.89
92.72
92.55
92.21
91.72
91.55
91.52
91.36
91.18
91.10
91.05
90.82
90.60
90.36
90.07
89.89
89.37
88.94
88.59
88.03
87.94
87.92
87.32
87.06
86.87
86.68
86.65
86.47
86.47
86.35
86.23
86.05
85.71
85.67
85.53
85.50
85.25
85.10
84.79
84.55
84.11
84.08
83.90
83.09
83.05
82.94
82.91
82.37
82.08
81.75
81.74
81.62
81.61
81.44
81.19
80.96
80.90
80.90
80.90
80.84
80.78
80.67
80.61
80.60
80.28
80.12
80.04
79.53
79.40
79.31
79.20
79.10
79.05
79.01
79.00
78.66
78.44
78.41
78.37
78.37
77.76
77.75
77.75
77.64
77.56
77.51
77.36
77.03
77.00
77.00
76.89
76.88
76.86
76.71
76.50
76.50
76.50
76.44
76.44
76.44
76.10
76.01
75.24
74.96
74.46
74.25
73.88
73.46
73.38
73.35
72.93
72.53
72.53
72.53
72.53
72.41
72.16
71.98
71.97
71.95
71.84
71.69
71.65
71.17
71.08
71.06
70.92
70.44
70.12
69.85
69.45
69.38
69.29
68.90
68.85
68.33
68.29
68.29
68.14
68.10
67.97
67.89
67.75
67.73
67.49
67.02
66.87
66.85
66.57
66.49
66.48
66.47
66.47
66.47
66.31
66.26
66.23
66.21
66.19
66.14
66.04
65.92
65.87
65.82
65.82
65.78
65.61
65.26
65.14
65.14
65.12
65.09
65.04
64.67
64.65
64.53
64.51
64.47
64.40
64.36
64.35
64.20
64.14
64.12
64.00
63.87
63.84
63.82
63.81
63.76
63.70
63.59
63.40
63.24
63.24
63.23
63.18
63.17
63.15
62.74
62.62
62.61
62.58
62.50
62.48
62.47
62.44
62.12
62.08
62.06
62.01
61.83
61.72
61.71
61.54
61.53
61.49
61.44
61.44
61.42
61.41
61.35
61.32
61.25
61.15
61.06
61.04
61.01
61.00
60.89
60.78
60.65
60.63
60.45
60.45
60.44
60.44
60.43
60.11
60.08
60.02
59.99
59.95
59.95
59.88
59.79
59.74
59.72
59.47
59.41
59.40
59.32
59.32
59.32
59.24
59.14
59.08
59.05
59.04
58.97
58.96
58.89
58.80
58.79
58.77
58.61
58.57
58.54
58.50
58.48
58.47
58.45
58.44
58.38
58.27
58.16
58.10
58.09
58.07
58.01
57.99
57.96
57.94
57.84
57.84
57.82
57.80
57.69
57.60
57.59
57.52
57.45
57.43
57.42
57.42
57.41
57.40
57.38
57.36
57.31
57.30
57.29
57.27
57.23
57.20
57.17
57.16
57.15
57.09
57.08
57.07
57.02
56.99
56.99
56.96
56.96
56.94
56.92
56.92
56.89
56.87
56.83
56.82
56.82
56.73
56.65
56.65
56.63
56.55
56.55
56.52
56.51
56.49
56.43
56.38
56.37
56.35
56.24
56.23
56.21
56.15
55.99
55.98
55.96
55.95
55.93
55.92
55.91
55.91
55.90
55.86
55.78
55.77
55.76
55.75
55.69
55.64
55.62
55.60
55.54
55.53
55.52
55.50
55.38
55.37
55.36
55.30
55.29
55.25
55.24
55.23
55.22
55.13
55.08
55.08
55.03
55.02
54.95
54.95
54.94
54.92
54.92
54.89
54.88
54.86
54.86
54.84
54.83
54.81
54.77
54.75
54.74
54.72
54.68
54.66
54.63
54.63
54.59
54.58
54.57
54.53
54.53
54.52
54.50
54.49
54.45
54.44
54.41
54.40
54.39
54.33
54.31
54.29
54.28
54.25
54.23
54.20
54.19
54.17
54.16
54.16
54.15
54.05
54.04
54.03
54.03
