116.99
116.99
116.99
116.99
116.99
116.99
116.99
116.37
115.87
115.51
115.39
115.21
114.44
114.44
114.44
114.00
114.00
113.95
113.95
113.79
113.72
113.66
113.32
113.32
113.27
112.89
112.10
111.93
111.92
111.85
111.40
111.32
111.15
110.50
109.71
109.61
109.24
109.17
109.06
108.81
108.74
108.70
108.52
108.42
108.36
107.91
107.75
107.66
107.64
107.41
107.30
107.29
107.13
107.02
106.76
106.75
106.50
106.50
106.26
106.09
105.99
105.81
105.76
105.74
105.46
105.10
105.01
104.90
104.71
104.57
104.34
104.22
104.21
104.10
103.96
103.91
103.76
103.74
103.62
103.57
103.33
103.21
103.14
102.80
102.67
102.61
102.36
102.36
102.30
102.30
102.18
102.13
102.10
101.78
101.63
101.46
101.40
101.31
101.27
101.27
101.04
100.99
100.95
100.94
100.93
100.87
100.78
100.70
100.59
100.40
100.37
100.31
100.29
100.19
100.05
99.97
99.94
99.68
99.58
99.42
99.39
99.37
99.33
99.09
99.09
98.99
98.83
98.81
98.79
98.75
98.53
98.47
98.45
98.24
98.20
98.16
98.13
97.99
97.99
97.98
97.91
97.90
97.89
97.81
97.76
97.75
97.62
97.58
97.52
97.46
97.42
97.41
97.40
97.21
97.18
97.14
97.07
96.96
96.93
96.86
96.81
96.78
96.77
96.76
96.73
96.72
96.63
96.54
96.48
96.45
96.42
96.41
96.32
96.29
96.23
96.11
96.07
95.81
95.72
95.66
95.65
95.60
95.44
95.40
95.39
95.36
95.36
95.32
95.23
95.11
95.11
95.10
95.09
95.07
95.03
95.01
95.01
94.95
94.94
94.90
94.89
94.84
94.84
94.84
94.80
94.72
94.71
94.71
94.67
94.60
94.55
94.54
94.40
94.26
94.26
94.25
94.23
94.11
94.08
94.04
94.01
93.87
93.62
93.52
93.49
93.49
93.29
93.25
93.15
93.12
93.10
93.05
93.05
92.84
92.76
92.75
92.67
92.65
92.63
92.57
92.55
92.49
92.44
92.43
92.36
92.36
92.33
92.33
92.27
92.02
91.82
91.80
91.69
91.68
91.58
91.57
91.57
91.57
91.55
91.48
91.41
91.36
91.36
91.35
91.25
91.20
91.15
91.14
91.14
91.12
91.10
91.08
90.89
90.85
90.83
90.72
90.71
90.64
90.62
90.48
90.47
90.45
90.41
90.41
90.40
90.29
90.28
90.18
90.09
89.95
89.89
89.88
89.85
89.76
89.75
89.73
89.63
89.59
89.56
89.54
89.54
89.53
89.51
89.50
89.42
89.40
89.40
89.26
89.25
89.23
89.22
88.99
88.86
88.76
88.67
88.61
88.59
88.58
88.47
88.47
88.44
88.43
88.42
88.37
88.23
88.22
88.20
88.19
88.18
88.11
88.03
87.99
87.96
87.91
87.86
87.85
87.76
87.75
87.74
87.72
87.70
87.68
87.67
87.63
87.57
87.56
87.54
87.50
87.50
87.48
87.41
87.30
87.30
87.26
87.16
87.11
87.09
87.06
87.04
87.03
87.00
86.94
86.92
86.92
86.90
86.84
86.67
86.66
86.62
86.58
86.50
86.47
86.40
86.40
86.31
86.30
86.29
86.29
86.21
86.14
86.08
86.08
86.08
86.06
86.03
86.01
86.01
85.94
85.83
85.70
85.64
85.56
85.53
85.39
85.34
85.34
85.30
85.26
85.24
85.22
85.19
85.16
84.99
84.95
84.85
84.75
84.52
84.48
84.46
84.37
84.31
84.25
84.12
84.10
84.09
84.08
84.07
84.04
84.01
84.01
83.97
83.94
83.90
83.89
83.87
83.83
83.81
83.77
83.74
83.72
83.70
83.69
83.65
83.62
83.59
83.57
83.53
83.38
83.33
83.29
83.24
83.16
83.13
83.04
83.01
82.98
82.93
82.93
82.93
82.90
82.88
82.85
82.79
82.79
82.79
82.77
82.69
82.68
82.63
82.60
82.47
82.44
82.35
82.34
82.28
82.26
82.22
82.21
82.18
82.12
82.09
82.08
82.04
82.01
82.01
81.98
81.94
81.93
81.89
81.88
81.77
81.72
81.69
81.69
81.68
81.63
81.62
81.61
81.56
81.55
81.55
81.52
81.42
81.38
81.33
81.31
81.29
81.29
81.24
81.18
81.16
81.10
81.07
80.97
80.96
80.95
80.95
80.93
80.83
80.79
80.73
80.69
80.60
80.60
80.57
80.54
80.40
80.40
80.37
80.36
80.31
80.31
80.22
80.22
80.18
80.17
80.12
80.12
80.02
79.93
79.89
79.89
79.85
79.84
79.79
79.65
79.62
79.57
79.52
79.51
79.50
79.49
79.46
79.42
79.42
79.42
79.40
79.38
79.30
79.28
79.25
79.24
79.21
79.19
79.17
79.14
79.06
79.03
79.00
78.84
78.84
78.84
78.83
78.81
78.76
78.75
78.73
78.72
78.72
78.71
78.70
78.63
78.63
78.57
78.49
78.40
78.38
78.37
78.36
78.33
78.30
78.23
78.18
78.18
78.10
78.09
78.07
78.05
78.03
78.03
78.00
77.97
77.95
77.94
77.93
77.84
77.83
77.81
77.77
77.74
77.64
77.62
77.61
77.52
77.50
77.50
77.42
77.37
77.35
77.30
77.28
77.28
77.24
77.23
77.23
77.20
77.15
77.08
77.00
76.98
76.94
76.92
76.87
76.87
76.82
76.82
76.81
76.74
76.69
76.68
76.66
76.60
76.60
76.49
76.41
76.39
76.33
76.28
76.28
76.27
76.25
76.25
76.20
76.18
76.16
76.15
76.10
76.06
76.05
76.03
75.97
75.96
75.96
75.96
75.95
75.89
75.82
75.74
75.72
75.71
75.67
75.67
75.65
75.65
75.60
75.49
75.48
75.47
75.41
75.36
75.26
75.24
75.19
75.14
75.08
75.08
75.04
74.99
74.98
74.91
74.85
74.79
74.77
74.75
74.71
74.68
74.64
74.60
74.60
74.57
74.52
74.48
74.45
74.44
74.44
74.34
74.31
74.25
74.11
74.11
74.10
74.07
74.06
74.03
73.98
73.97
73.97
73.95
73.95
73.90
73.83
73.81
73.77
73.76
73.72
73.53
73.53
73.53
73.52
73.50
73.40
73.37
73.37
73.35
73.30
73.26
73.24
73.23
73.06
73.01
72.97
72.93
72.87
72.85
72.76
72.71
72.68
72.67
72.66
72.62
72.51
72.49
72.44
72.16
72.15
72.02
71.80
71.73
71.72
71.71
71.69
71.66
71.65
71.61
71.60
71.57
71.56
71.54
71.42
71.39
71.36
71.35
71.29
71.24
71.20
71.20
71.17
71.15
71.14
71.10
71.03
71.01
70.95
70.92
70.88
70.79
70.78
70.75
70.72
70.62
70.61
70.58
70.57
70.45
70.41
70.37
70.36
70.35
70.23
70.23
70.22
70.12
70.07
70.05
70.05
70.00
70.00
70.00
69.92
69.86
69.86
69.70
69.70
69.55
69.48
69.46
69.45
69.41
69.37
69.37
69.36
69.34
69.32
69.32
69.32
69.30
69.29
69.24
69.23
69.21
69.21
69.11
69.10
69.02
68.99
68.77
68.72
68.72
68.72
68.70
68.69
68.69
68.62
68.56
68.54
68.52
68.45
68.37
68.37
68.35
68.34
68.28
68.24
68.22
68.22
68.16
68.09
68.05
68.04
67.99
67.98
67.94
67.93
67.90
67.81
67.80
67.80
67.80
67.80
67.78
67.78
67.76
67.72
67.72
67.63
67.63
67.53
67.48
67.47
67.33
67.31
67.28
67.23
67.18
67.18
67.16
67.12
67.09
67.04
67.03
66.93
66.91
66.91
66.91
66.91
66.91
66.91
66.91
66.91
66.91
66.83
66.79
66.74
66.70
66.67
66.45
66.44
66.44
66.42
66.41
66.38
66.38
66.32
66.24
66.22
66.20
66.18
66.13
66.08
66.05
66.04
66.04
66.00
65.95
65.88
65.87
65.86
65.83
65.78
65.73
65.68
65.66
65.66
65.66
65.62
65.61
65.57
65.56
65.54
65.53
65.51
65.50
65.49
65.48
65.48
65.45
65.41
65.40
65.38
65.35
65.32
65.25
65.24
65.13
65.12
65.12
65.11
65.09
65.04
65.01
65.00
64.97
64.90
64.87
64.83
64.74
64.71
64.54
64.53
64.49
64.48
64.48
64.43
64.37
64.36
64.35
64.30
64.21
64.17
64.15
64.15
64.14
64.07
63.97
63.89
63.87
63.83
63.74
63.69
63.68
63.65
63.65
63.57
63.55
63.52
63.51
63.46
63.33
63.25
63.16
63.13
63.09
63.02
63.02
62.98
62.95
62.92
62.91
62.65
62.64
62.61
62.52
62.52
62.52
62.52
62.49
62.48
62.47
62.41
62.41
62.40
62.37
62.17
62.16
62.14
62.09
62.06
62.06
61.90
61.86
61.83
61.81
61.69
61.54
61.35
61.29
61.28
61.20
61.10
60.97
60.94
60.89
60.89
60.89
60.88
60.88
60.85
60.84
60.78
60.62
60.60
60.54
60.51
60.42
60.37
60.37
60.34
60.34
60.33
60.33
60.32
60.21
60.14
60.13
60.08
60.03
60.02
59.97
59.96
59.93
59.86
59.81
59.77
59.68
59.58
59.51
59.50
59.48
59.42
59.41
59.29
59.27
59.26
59.20
59.19
59.18
59.07
58.96
58.93
58.93
58.88
58.80
58.78
58.78
58.72
58.67
58.60
58.51
58.41
58.38
58.27
58.27
58.21
58.04
58.03
58.03
57.75
57.59
57.58
57.55
57.49
57.46
57.40
57.37
57.30
57.24
57.08
57.07
56.97
56.96
56.91
56.84
56.82
56.81
56.72
56.53
56.49
56.34
56.27
56.24
56.21
56.08
56.06
56.03
55.94
55.80
55.74
55.66
55.60
55.59
55.53
55.33
55.32
55.29
55.26
55.24
55.09
55.07
55.06
54.77
54.73
54.66
54.47
54.38
54.30
54.14
54.10
54.03
53.99
53.96
53.95
53.91
53.86
53.86
53.83
53.82
53.79
53.77
53.71
53.70
53.64
53.64
53.45
53.44
53.42
53.33
53.32
53.29
53.05
53.03
52.99
52.92
52.82
52.72
52.63
52.53
52.53
52.43
52.40
52.39
52.38
52.36
52.20
52.19
52.17
52.16
52.15
52.07
51.97
51.75
51.63
51.60
51.35
51.30
51.21
51.06
50.95
50.92
50.76
50.76
50.74
50.74
50.68
50.65
50.59
50.58
50.45
50.39
50.34
50.21
50.09
50.06
50.02
49.99
49.94
49.87
49.73
49.72
49.60
49.53
49.48
49.39
49.35
49.31
49.25
49.16
49.15
49.14
49.14
49.13
49.07
48.91
48.90
48.89
48.88
48.84
48.72
48.71
48.67
48.66
48.63
48.59
48.53
48.44
48.26
48.21
48.19
48.17
48.16
48.10
48.08
48.03
47.96
47.89
47.88
47.85
47.80
47.76
47.68
47.60
47.46
47.40
47.40
47.28
47.23
47.18
47.13
47.11
47.10
46.99
46.95
46.94
46.86
46.74
46.72
46.53
46.46
46.37
46.31
46.30
46.29
46.24
45.92
45.83
45.79
45.75
45.47
45.32
45.19
45.06
45.05
45.04
44.82
44.65
44.46
44.42
44.42
44.40
44.39
44.37
44.33
44.10
43.89
43.81
43.71
43.47
43.45
43.35
43.26
43.22
43.19
43.01
42.94
42.74
42.40
42.09
42.09
42.04
42.04
41.96
41.93
41.88
41.76
41.76
41.75
41.72
41.71
41.70
41.57
41.54
41.43
41.39
41.39
41.26
41.26
41.24
41.24
41.19
41.14
41.00
40.88
40.75
40.70
40.64
40.42
40.28
40.17
40.15
40.07
40.00
39.98
39.89
39.74
39.71
39.47
39.46
39.38
39.35
39.33
39.13
39.12
39.11
39.01
38.91
38.67
38.66
38.57
38.39
38.21
38.09
38.06
