86.34
81.91
81.84
81.82
80.94
80.27
79.94
79.79
79.50
79.19
79.07
78.85
78.78
77.22
77.12
76.74
76.72
76.66
75.81
75.37
75.18
75.04
74.82
74.67
74.29
74.19
74.12
73.97
73.87
73.74
73.71
73.69
73.61
73.46
73.05
72.97
72.86
72.80
72.77
72.74
72.53
72.52
72.21
72.06
72.03
72.01
71.90
71.72
71.56
71.55
71.55
71.55
71.45
71.39
71.17
71.14
71.01
70.97
70.89
70.86
70.65
70.63
70.57
70.51
70.28
70.08
69.90
69.88
69.63
69.63
69.54
69.42
69.32
69.24
69.22
69.17
69.15
68.99
68.68
68.60
68.44
68.37
68.33
68.26
68.13
68.10
68.02
67.94
67.85
67.75
67.73
67.47
67.32
67.30
67.27
67.24
67.16
67.16
67.10
67.00
66.84
66.66
66.63
66.57
66.56
66.50
66.50
66.49
66.42
66.36
66.35
66.24
66.15
66.11
65.97
65.91
65.89
65.86
65.76
65.74
65.73
65.49
65.33
65.28
65.14
65.11
65.10
65.03
64.93
64.93
64.90
64.86
64.81
64.67
64.66
64.59
64.48
64.41
64.41
64.37
64.36
64.34
64.32
64.13
64.12
64.11
64.08
64.02
63.90
63.88
63.84
63.69
63.67
63.55
63.53
63.43
63.30
63.18
63.03
62.94
62.90
62.90
62.66
62.66
62.64
62.58
62.57
62.50
62.50
62.45
62.37
62.35
62.29
62.23
62.16
62.01
62.01
61.85
61.82
61.80
61.78
61.71
61.68
61.65
61.61
61.60
61.59
61.53
61.53
61.47
61.47
61.46
61.25
61.12
61.10
61.03
61.01
60.95
60.90
60.90
60.88
60.72
60.67
60.67
60.67
60.63
60.62
60.60
60.57
60.52
60.51
60.45
60.41
60.41
60.40
60.37
60.35
60.26
60.23
60.23
60.21
60.15
60.09
60.06
59.94
59.90
59.89
59.89
59.84
59.80
59.71
59.70
59.68
59.68
59.62
59.48
59.33
59.28
59.27
59.21
59.14
59.11
59.04
58.94
58.92
58.89
58.83
58.82
58.71
58.66
58.49
58.47
58.44
58.37
58.30
58.25
58.11
58.10
58.10
58.08
57.98
57.97
57.97
57.94
57.86
57.85
57.81
57.80
57.57
57.56
57.56
57.56
57.46
57.38
57.38
57.37
57.30
57.28
57.26
57.22
57.22
57.20
57.20
57.19
57.10
57.07
57.03
57.00
56.78
56.74
56.71
56.70
56.61
56.52
56.50
56.50
56.34
56.31
56.26
56.11
56.05
56.05
55.90
55.88
55.85
55.85
55.85
55.85
55.79
55.79
55.77
55.77
55.72
55.63
55.60
55.59
55.58
55.53
55.50
55.47
55.46
55.34
55.31
55.27
55.17
55.14
55.10
55.08
55.08
55.07
55.00
54.91
54.83
54.80
54.72
54.69
54.63
54.57
54.54
54.53
54.43
54.42
54.41
54.40
54.38
54.37
54.33
54.32
54.31
54.22
54.18
54.09
54.01
54.00
53.97
53.93
53.84
53.80
53.78
53.69
53.66
53.64
53.61
53.61
53.60
53.37
53.32
53.31
53.31
53.30
53.30
53.28
53.25
53.24
53.12
53.11
52.94
52.86
52.84
52.70
52.69
52.63
52.46
52.43
52.35
52.35
52.25
52.19
52.14
52.11
52.08
52.07
52.07
52.04
52.01
51.96
51.94
51.82
51.76
51.72
51.66
51.63
51.60
51.55
51.48
51.45
51.33
51.33
51.24
51.23
51.18
51.10
51.10
51.06
51.05
50.99
50.92
50.82
50.79
50.78
50.76
50.74
50.69
50.53
50.52
50.43
50.43
50.35
50.33
50.31
50.31
50.30
50.29
50.28
50.25
50.22
50.20
50.14
50.08
50.05
49.96
49.95
49.91
49.91
49.90
49.82
49.76
49.75
49.74
49.69
49.64
49.64
49.57
49.52
49.50
49.50
49.44
49.39
49.24
49.18
49.15
49.09
49.05
48.94
48.92
48.91
48.91
48.78
48.72
48.71
48.70
48.68
48.58
48.58
48.58
48.58
48.58
48.58
48.58
48.58
48.58
48.47
48.44
48.31
48.29
48.17
48.06
48.05
48.04
48.00
48.00
47.97
47.92
47.91
47.82
47.78
47.74
47.71
47.63
47.62
47.60
47.60
47.55
47.52
47.52
47.49
47.44
47.42
47.35
47.34
47.33
47.30
47.07
47.04
46.98
46.92
46.90
46.90
46.89
46.83
46.79
46.77
46.63
46.51
46.46
46.28
46.18
46.09
46.04
46.03
46.00
46.00
46.00
46.00
45.98
45.96
45.89
45.85
45.85
45.81
45.76
45.68
45.68
45.65
45.64
45.62
45.56
45.53
45.52
45.50
45.48
45.44
45.41
45.41
45.31
45.30
45.28
45.21
45.15
45.07
45.05
45.03
44.88
44.81
44.80
44.77
44.75
44.70
44.69
44.60
44.59
44.57
44.55
44.51
44.48
44.24
44.24
44.24
44.22
44.22
44.20
44.01
43.98
43.98
43.96
43.96
43.94
43.82
43.80
43.75
43.71
43.67
43.60
43.52
43.48
43.42
43.39
43.33
43.22
43.11
43.09
42.98
42.97
42.92
42.76
42.73
42.65
42.64
42.62
42.61
42.60
42.59
42.51
42.51
42.39
42.39
42.36
42.36
42.00
41.98
41.86
41.82
41.71
41.67
41.50
41.46
41.41
41.28
41.27
41.24
41.22
41.16
41.04
41.00
40.99
40.88
40.78
40.76
40.73
40.65
40.60
40.57
40.57
40.56
40.41
40.41
40.33
40.29
40.22
40.06
40.01
40.00
39.95
39.93
39.79
39.69
39.54
39.50
39.37
39.26
39.10
39.07
38.92
38.90
38.88
38.80
38.64
38.64
38.63
38.53
38.52
38.47
38.34
38.32
38.17
38.02
37.99
37.98
37.96
37.94
37.92
37.86
37.85
37.82
37.81
37.73
37.72
37.71
37.66
37.64
37.60
37.57
37.54
37.47
37.38
37.34
37.26
37.24
37.17
37.11
37.08
37.03
37.00
36.96
36.93
36.93
36.82
36.68
36.65
36.64
36.51
36.44
36.35
36.31
36.29
36.26
36.13
36.12
35.96
35.95
35.81
35.77
35.68
35.63
35.48
35.36
35.29
35.29
35.29
35.01
34.99
34.98
34.77
34.65
34.62
34.45
34.42
34.33
34.12
34.09
33.97
33.92
33.88
33.74
33.73
33.72
33.71
33.69
33.59
33.54
33.52
33.52
33.45
33.38
33.26
33.25
33.13
32.93
32.91
32.90
32.78
32.62
32.53
32.50
32.46
32.46
32.45
32.21
32.13
31.99
31.98
31.81
31.77
31.53
31.51
31.40
31.36
31.28
31.24
30.93
30.93
30.91
30.84
30.75
30.69
30.47
30.42
30.13
30.12
30.12
30.03
30.03
29.87
29.73
29.71
29.50
29.49
29.46
29.12
29.12
29.11
29.05
29.04
29.03
29.00
28.99
28.99
28.85
28.65
28.63
28.35
28.12
28.07
28.06
28.05
28.04
27.99
27.96
27.83
27.25
27.24
27.24
27.16
27.13
26.92
26.70
26.70
26.51
26.44
26.44
26.34
26.33
26.32
26.11
26.05
25.92
25.79
25.76
25.64
25.57
25.39
25.37
25.25
25.19
25.13
24.94
24.94
24.68
24.67
24.44
24.38
24.27
24.21
23.94
23.90
23.85
23.80
23.77
23.70
23.65
23.64
23.62
23.48
23.46
23.42
23.35
23.11
22.98
22.92
22.88
22.83
22.70
22.28
22.25
22.23
22.07
21.98
21.98
21.88
21.80
21.79
21.66
21.65
21.64
21.60
21.59
21.55
21.55
21.54
21.27
21.19
21.17
